2356
1542
2912
2743
1399
2322
1856
1926
1617
1856
1824
2074
4073
2083
1731
1879
1879
1809
2717
2130
2106
3389
3331
2028
1810
2010
1865
2027
1929
1891
1766
2135
2138
1850
2813
1932
3543
1984
1876
1888
1894
2097
2502
1728
2347
1888
2261
2187
1917
2397
2039
2121
1821
1999
3796
2325
1850
2726
2008
1559
1580
2185
1795
2141
1859
1940
1786
1987
2083
4073
1725
2228
2412
2278
1937
2720
1737
2380
2315
2104
2196
1882
2679
1949
3805
2106
2187
1807
2240
2106
2019
2031
2077
1754
1946
1856
2766
1722
1696
2330
2173
1594
1891
1768
2732
1935
1975
3816
2065
1757
2173
2883
2330
2016
1571
1882
1961
2048
2921
2080
1914
3185
1909
1917
1891
2042
2068
2240
2467
2173
1838
3613
2022
3395
4533
2019
2857
2121
4334
3136
2101
1813
2042
1955
2095
1917
2868
1842
1937
3659
2176
2214
2051
2185
2793
1734
2566
1600
1894
2805
2048
1952
2257
1830
2275
1824
1842
1944
1704
1873
11046
2153
1850
2080
1830
1978
2121
1583
1877
1958
2086
2054
1806
1943
1717
1836
2522
1853
1993
1743
2016
2095
2478
1998
1891
1722
1964
2048
1900
1681
2377
2191
1987
1839
2249
1978
1876
2292
2051
2444
1670
2269
2226
1515
2080
1987
2220
4087
4177
2688
2080
2144
2342
1966
2252
2013
1990
2173
2144
2190
1751
1845
2170
1940
1714
1836
2450
1862
1789
2223
1859
2123
1888
2176
2048
1978
2190
2138
2432
2548
3113
1824
2173
2112
2272
2423
1871
2795
2092
1469
1938
1978
2456
4009
3773
1614
2016
2301
2118
1798
1798
2167
2339
2098
2193
2252
1978
4113
2871
2141
2051
1981
2196
2141
4052
2127
2435
4413
1833
1964
1615
2057
1818
1946
2045
2007
1830
1929
1804
1716
1970
1963
2159
1719
1966
1737
1661
1693
2106
2164
4163
1868
2254
2057
2386
2144
2001
3104
1891
1928
1673
1754
1914
3726
2028
1821
1864
3188
2103
2063
4294
4242
1816
2094
1685
2261
1932
1643
1966
1888
1763
2060
1734
2601
2106
4128
1824
2019
2272
1856
2377
2089
2059
2106
1847
2077
1495
1859
4521
4259
1684
2229
1894
1667
1836
1836
2170
1920
2321
1850
1763
2022
2382
1684
1984
1891
1967
1981
1967
1667
2743
4224
1754
1926
2540
1940
2156
2240
3869
2179
2237
1845
1876
1841
1580
2473
1920
2048
3552
2135
2118
2065
4468
1941
2031
3732
4262
1853
1961
1722
1644
1754
1990
1914
1972
2240
2118
1838
2162
1888
2019
1769
1548
2231
4072
1571
2196
1789
1976
2024
1760
1975
1789
1841
2016
1917
1984
1792
2097
3558
1914
1967
1536
1824
2094
1978
2071
3186
2022
2269
4198
1891
2001
1778
2036
2063
1885
2930
1923
2001
2083
1923
2004
2007
3785
1774
1885
1888
1769
1984
2246
4224
1859
2074
1929
2513
1911
2042
1981
2979
2135
3520
1848
1972
2490
1580
1757
1842
1693
2013
2077
2275
2019
1752
2563
2770
1714
2179
2225
1888
2121
1719
2243
1702
2016
2051
2121
1714
2112
1789
2883
2002
3933
2199
4149
2112
2005
1720
2208
1821
2196
3858
1920
2109
2185
4006
3604
1920
2057
3491
1676
2115
2022
2083
1646
1966
2176
2042
1835
2796
3502
2036
1702
1585
2094
2077
1676
1920
2199
1885
2168
1963
2988
2208
1853
2167
2115
1635
3154
2537
1984
1818
2391
1839
2275
1958
2129
2211
2083
2266
2429
4934
3718
1859
1832
1998
3840
2539
1565
1792
1623
2077
2938
2706
1984
2432
1835
2001
2158
2709
2874
2019
1894
1824
1708
1850
2290
1888
1969
2263
1748
3968
1804
2499
1600
1812
3601
1885
1967
1926
1783
1696
1882
1879
2016
2010
1987
2060
2153
4337
2412
1888
1789
1882
1882
4465
1949
1920
2318
2289
1990
2831
1649
1853
1789
2042
2493
1720
2162
1938
3639
1521
1900
1437
1795
1870
1742
1676
2033
3639
2147
2840
2112
2083
1711
1946
1882
2819
2223
1885
4404
2001
1894
2179
1760
1996
2071
1934
2106
2019
2127
1903
2193
3462
1958
2115
1835
1708
2185
2060
1867
2170
4250
4206
1841
1821
4372
1754
1978
1652
2004
2034
1682
2298
1845
2141
2086
2010
1818
2022
2528
2074
1966
2063
2293
2159
2144
4195
2272
4369
4122
1867
2563
4119
1745
1608
3244
1710
1894
4076
2202
4361
3910
1626
4140
4020
1876
2153
2368
2013
2118
2025
1865
3985
1932
1897
4180
3767
2025
1888
2057
1885
1987
1894
3520
2164
2019
1719
1937
1711
2062
1926
1885
1929
1757
1926
2211
1661
3572
3933
1830
2775
2467
2219
1914
2042
1614
1955
2030
2258
2077
1894
1652
1772
3721
2097
1748
2205
1978
1958
2648
4125
1923
2767
1955
2031
1597
2130
1888
1827
2065
1652
4352
1931
2019
2077
1783
2057
1699
2202
2042
4262
2121
1955
1906
2004
4332
2298
1597
1862
2010
2382
1716
2016
1984
1792
1774
1972
4573
3063
1812
1842
2022
2098
2135
1835
2316
1705
2435
1964
2324
1900
1847
1690
1946
2028
2130
2013
2057
2048
1772
1879
1798
4215
2266
2007
1865
1594
1955
4370
1865
2161
1955
2775
1626
2190
2121
2324
2086
2208
1905
1757
2319
4250
2115
2185
3063
1964
1842
1533
1833
1777
2077
1938
1632
2036
1882
2080
4000
2054
1786
2184
1917
2851
1731
2362
1967
2115
2514
1641
1676
2016
2243
1684
1952
2071
1635
2065
2126
2153
1912
2007
1821
2019
2225
1882
1981
1725
2153
1571
1862
3715
4044
1914
3034
2056
2039
1865
2034
1975
2077
2159
2205
2967
1728
4256
1789
1725
3634
2068
2764
1824
2097
2155
2938
4178
1856
2147
1766
2074
2426
1961
1946
1792
1827
2537
2066
2056
1920
1670
2048
1981
2711
3715
2624
1856
2088
1864
2027
2112
2560
2412
2147
1786
2129
2150
3709
2144
1754
1771
4073
2749
2045
1836
2223
1879
1868
3200
1856
2170
4070
1731
2717
1885
4041
1999
4771
1856
1702
2380
1966
1792
1865
1740
2016
3529
2130
2115
2054
4233
1975
1987
2191
2016
1926
1868
1839
1710
1818
1687
4262
1862
1908
1795
2545
1993
2030
2522
1940
2130
2295
1699
2150
2269
1882
1973
2022
1978
1885
2045
2045
1678
2048
1975
2048
1929
2068
2272
1949
3677
1713
1873
2304
2315
2103
1888
2059
2103
1675
2086
3523
2025
1626
2124
1757
1830
1975
2150
2409
2124
2133
2022
4329
2121
2138
4480
2092
1888
1906
2077
2682
4244
3968
1757
2051
1850
1757
1830
1743
1815
2182
1707
1932
3415
2033
1987
1993
2173
2150
3261
2295
2208
2147
1772
2086
1742
1795
1638
1998
2284
1609
1836
1865
2964
1856
2121
2132
2156
2141
2063
1600
1786
3820
2190
2295
1934
1996
2135
3695
2249
2484
2266
2909
2007
1967
3427
1749
2004
4139
2083
3991
2217
2060
1708
1862
2583
1961
1981
1882
2101
1862
2019
2147
1580
1940
2071
1844
3456
2450
1990
1987
1550
1987
3538
2214
1827
2179
1795
1961
1580
1608
1516
2066
1644
1853
1835
2162
2028
2033
2074
2380
1864
2281
2112
1984
4137
2278
1684
2127
1743
1559
2077
2327
2039
1839
1984
1946
2557
2185
1766
2220
2581
2065
1955
1874
2097
2109
2074
1987
1824
2188
1946
1870
2013
1949
1926
1690
2226
2034
1798
1629
4474
1859
1553
2007
2226
2159
2368
2260
2103
1914
1934
1655
2228
2013
1766
1740
4259
2095
1920
1946
2467
1696
2592
1963
1836
1844
1769
2123
2696
1955
1960
1914
1952
2222
1769
2007
2054
1984
1914
2144
1844
1882
2385
2260
1943
1827
2237
4169
3942
1897
1987
1865
1896
1649
1609
2106
1786
1996
1984
3514
2804
2086
1955
2013
1690
2179
2013
2176
2051
2932
4011
1713
1850
2182
2566
1876
2324
1585
2842
2103
2127
1920
1990
2129
1885
1707
1850
2106
2269
2144
2252
2109
2042
1952
2173
2071
1946
1972
2007
4218
2848
2010
2662
2034
1789
4536
1667
1969
1984
2260
4363
1914
1856
1836
1975
2912
2228
2228
1969
2153
3360
3790
2412
2080
2042
1969
4175
2191
2162
1620
2400
4259
2057
1760
2141
2077
1603
2296
3432
1803
1934
1874
3910
2327
2109
1824
2764
1905
2481
1929
2069
2694
1978
2228
1949
1481
1937
2002
2077
4454
1827
1635
2086
2004
1984
1484
2435
3319
1946
1708
2048
2243
1885
1702
2304
1999
1687
3680
2350
2345
1984
1932
1984
2191
2054
1824
1900
1987
1525
1451
1917
2962
3031
2176
2019
4149
1917
2030
2406
2013
2004
1684
2031
2039
4011
1900
1661
1940
2746
2106
2007
3770
2327
2170
1955
2813
2770
4041
1923
1458
2243
1836
2156
3820
2202
1830
1708
1719
1935
3092
2208
1885
1961
1847
1545
1678
3604
2275
2016
1877
2641
3957
1856
2036
1966
2554
2592
2092
1888
2920
1795
2057
2112
3895
1833
1949
1568
1728
2048
1842
2845
2298
1844
2179
2810
2228
2257
1964
1620
2348
1967
2036
4050
1891
1856
1969
2115
2418
1894
1920
2045
1856
1862
2135
1900
1923
2999
1920
2251
2016
1664
2275
1821
1870
2420
1876
1824
1769
1955
2246
2839
1795
1943
1749
2182
1588
1847
2223
1681
1731
4271
2138
2068
2217
4306
1975
1981
1937
2185
1969
1644
2039
2010
2164
1757
1952
1655
1964
4198
2039
1975
1949
1879
2336
2190
4317
2188
1748
1804
2182
3491
2816
2103
2118
1923
2208
1940
1981
2187
1798
2324
1743
2682
2103
1999
2132
1641
1920
1926
1932
2045
1896
2208
2045
2022
1842
2394
2735
2120
4009
1966
1810
3817
1949
2330
1650
4198
2016
1850
1873
2182
1716
2205
2211
2443
1565
4169
1827
2104
2758
2048
1699
1937
1632
1664
3980
2144
1650
1882
2062
1777
1766
2040
2124
1850
1955
4273
1902
2461
1501
2115
2089
1967
1871
1969
1949
1940
2071
1792
2266
2159
2298
1862
2545
2496
2048
2252
2083
3575
3950
2333
2091
1911
1804
2013
4198
3534
2039
1940
2251
3849
2039
1757
4323
1716
1766
1780
1746
2036
2016
1812
2083
2205
1934
1917
1646
2217
2228
2196
2758
1871
2130
1932
2074
1958
2208
2030
1902
1594
1813
1664
2141
2010
2068
1996
1766
1696
4334
2217
1835
2063
1905
1969
1751
2272
1783
1888
1690
2458
1606
1830
2749
1815
2106
2220
2217
1999
1914
2220
2368
2263
2231
2016
2150
2051
1786
1760
1972
2007
2106
2319
2202
2347
1835
2994
3837
2496
2150
2063
1969
2129
1932
2222
3445
1984
2010
2167
2417
2112
3642
2010
4003
2083
4102
2016
2133
2196
2217
2190
2807
1687
2034
1507
2127
1766
1888
1908
4747
2115
1960
2033
1775
2179
2025
2775
1667
1990
1827
2179
1431
1641
2266
2193
1635
1812
1801
2129
2057
1952
2176
1961
1685
1896
1437
2022
2077
1603
2091
1530
2191
2062
1900
1868
1879
1937
1938
1813
1481
2738
1973
2074
1594
1978
2051
2089
4451
1798
2010
1888
1620
2051
4271
2324
1830
2249
1609
1946
1978
1716
2030
2216
1545
1900
2592
1749
1888
2667
2130
1964
2883
2580
4271
3913
1996
1926
1908
1862
1894
1789
2292
2057
1972
2988
2610
1911
1641
1853
1809
2255
1891
2063
2770
2092
1720
2037
1743
1783
2892
3709
4369
1722
4058
2281
4149
2051
2837
1714
1693
2059
2106
1528
2260
1617
4148
1743
2211
2569
2516
1777
1757
1417
2027
2153
1923
2831
1766
2103
1664
1862
1906
2048
1818
1993
2385
4142
1937
1629
1929
2586
1955
1670
1801
2842
1818
2091
3959
3916
1955
1656
2150
2328
1856
3060
2007
1821
2080
2150
1766
2016
2845
2537
1975
2054
2124
3983
4119
1670
3505
2080
3057
2159
1864
1847
2278
2758
1960
3581
2045
2406
2103
2127
2106
2121
1993
1772
3081
3695
1798
1984
1551
1961
2222
1967
2179
2031
2138
2545
1696
1827
3802
3459
1763
1903
2263
2013
1492
1594
1710
1952
3779
2147
1591
1728
1984
1577
2208
2429
1844
1783
1719
1748
2065
1728
1650
2141
1923
2697
1882
2025
2124
1699
2071
2164
3346
3744
2118
2074
2019
4198
1780
1894
2167
2246
1966
2036
1899
2112
2068
2540
2080
2147
1952
2147
1792
3767
3712
2435
2307
1426
1734
3025
1975
2798
2025
1757
2100
1955
2030
1888
1652
2531
1973
2155
1862
2234
1824
2057
2182
2167
1946
1731
1632
1937
2100
2133
1888
1975
2426
2005
1990
2124
2350
4108
1754
2028
1717
4209
1780
2057
4198
2007
2219
2127
1699
1853
2118
2481
2106
2054
1716
2086
2813
2077
4256
2019
1722
2272
2179
2013
4221
2089
2144
2141
1970
1955
3566
2863
2915
2016
2706
2232
1905
2473
1743
3354
4270
1792
2112
2287
1711
2039
1856
2074
1673
2237
1850
2467
1742
2167
2118
2077
1932
1955
2444
2516
2013
2092
2051
2738
1821
2060
2278
1978
2828
1859
2746
4247
2263
2036
2173
2051
2028
1981
1952
1975
1675
1675
1972
1664
2042
4154
2025
2444
1707
1996
2167
1894
2123
2432
1836
1946
1690
1734
2237
2185
1937
1795
1771
2054
1606
1615
2010
2013
2135
4206
1871
1734
3660
1894
1993
1841
1905
1664
1961
1821
2106
2223
2048
2056
2063
1996
3814
1711
2039
2048
1827
2045
2368
2816
2141
1818
1803
1559
1995
2045
4096
2048
2022
1713
1943
1783
1702
1996
1908
1976
1804
2214
2036
2354
2167
1600
2258
2086
1969
3331
1914
1821
2097
1990
2112
2583
3764
1987
2278
2167
3689
1844
2621
2013
2208
2124
2292
2098
2118
1853
1914
1891
3959
2394
2546
2059
1856
1542
2429
2496
1783
1885
1545
1995
2121
1873
2470
2214
1882
2153
2095
1940
1937
2182
3767
1856
2074
4413
2621
2147
3869
3977
1949
1996
1859
2013
1877
1841
2211
2042
1600
2243
1943
2453
2185
1675
2001
1865
1647
1801
1958
2031
2339
1728
2182
1650
3299
2243
3764
2016
2135
3724
1920
1685
1888
1603
1766
2155
1754
2007
2100
1685
1856
1743
1975
4579
1967
2199
1693
2071
2784
3948
2356
1958
2054
2269
2197
3692
2103
1687
1824
1969
1850
1978
1792
2205
1990
2423
2176
1987
2007
1728
2490
1905
1682
3561
2150
1870
1763
2400
1952
2089
1789
2045
2185
2057
5085
2170
1696
2042
2127
1792
1673
1880
1952
1894
2097
1772
1905
2269
2755
1716
2219
2077
2304
1967
2063
2150
2030
2164
1874
2624
3863
1923
1964
1792
1821
1798
2176
1973
2196
2196
1600
1853
3741
1975
1848
2037
1830
1806
2665
1681
1879
1600
2132
2083
1734
2025
2059
2141
1937
3049
1690
2243
1754
2167
1993
1670
2182
1873
1897
1897
2022
2211
1839
1597
2165
4599
1935
1917
1975
1963
2476
1981
1920
2103
1987
1620
2074
2261
2001
1600
2118
2665
2304
2336
1643
1760
1871
2124
2150
2615
2287
2127
1923
1879
1941
2121
3596
2170
2112
2019
3936
2130
1981
1955
1975
2074
1850
2618
1748
2388
2141
2188
2659
2083
2071
2467
1847
4227
2022
1981
1597
1728
2019
2004
2077
1745
1891
1964
1848
1891
2214
2103
2156
2170
2013
2537
1620
2030
2362
2127
2089
1993
4105
2045
2036
2042
2124
1806
1832
2054
2036
1708
4224
1705
1961
1713
1984
1571
2030
2365
1495
1827
1995
2092
2246
1929
2060
1481
2199
1967
2406
2170
2639
1810
2589
1981
2135
2095
1999
2536
1772
2150
2010
2130
1748
1562
1714
2694
2152
1900
2098
2074
2167
2059
2065
3436
1664
1992
2077
1818
3648
2158
2513
1906
2007
1722
2921
2027
2822
4489
1900
1899
2115
2065
1885
1990
1972
1722
3808
2214
2159
1990
2077
2010
1716
1821
1949
2019
2179
1885
3651
1984
1737
1867
2682
2211
1847
2051
3142
1920
1778
2019
1879
2042
2156
1853
2482
2685
1970
2132
1661
2173
1768
2289
1812
2083
2144
1958
1472
1792
2112
1926
2037
2135
2127
1949
2679
1760
1798
1830
1710
1772
1638
1716
2330
2048
2060
1900
2179
2065
2519
1937
1713
2254
2127
2095
1862
1946
2164
1562
2115
2069
1716
1682
2138
1967
2025
1932
1975
1847
3910
1963
2071
2028
1833
2237
1670
2103
1734
1897
2202
1839
1739
2196
2144
1838
2086
2141
2825
2214
2083
2260
2420
2333
1754
1696
1917
2048
1615
2202
1699
1902
1746
2240
2342
3633
4096
1984
2092
2496
2598
2106
2115
1911
1783
2144
1964
1932
2566
2161
1760
2595
4297
2025
1996
1923
1894
1932
1984
1679
2144
1906
1702
3657
1798
1644
2234
1958
2112
1644
2781
2211
2060
1894
1973
2330
1821
2231
2100
2037
1786
1693
2266
2868
1824
1786
2903
2112
2121
1813
1600
3755
1568
1687
2057
1987
1899
1838
1821
2676
2185
2598
2106
2132
1710
1993
1728
1833
4201
2127
2118
2080
4177
1859
2353
2010
1760
2197
1609
1958
1798
2007
1844
1565
3759
1486
1868
2005
1588
1656
2080
2705
1841
2187
2918
1777
1565
2115
2013
1899
2048
1943
1943
1722
2063
1909
1839
1804
2196
3217
2630
1978
2008
2228
2045
2484
2368
2057
2083
2063
1943
1827
1998
2356
1952
2159
1896
2042
1763
2333
1565
4210
2202
2097
1969
2124
2083
2199
2013
2176
2441
1713
1832
2161
1702
1952
2051
2022
1751
2095
1952
3331
1804
2025
2415
2511
2988
2464
1696
1961
1905
1690
1981
1908
2022
1993
1615
1946
2162
2327
1949
2158
2066
1702
2324
1906
1844
1789
2057
2057
1705
2109
1626
1967
3898
2222
2133
2060
1777
1629
1577
1818
1670
2173
1766
1835
2417
1993
1946
1975
1987
1955
3834
1888
1850
1981
2912
1897
1789
2028
1545
4291
1993
1952
2106
2220
1844
1960
1810
2086
2045
2845
2083
2147
1769
1917
1981
4326
2240
2339
1655
1565
2158
1876
1684
2040
1850
1961
3945
1728
1763
2016
2100
1728
1870
2173
1833
1917
4247
2188
2603
1914
1888
3048
2130
1891
2336
2234
2193
2126
1955
2845
2083
1504
2676
2164
2130
1839
1754
2057
2132
1909
1786
1894
4242
2126
1827
1993
1885
2464
1888
2164
2967
2563
1582
1911
2030
2252
1998
1748
2034
4131
2252
1964
1955
2316
2179
1906
2571
1815
1516
1955
1920
2033
1556
1920
2033
4029
2034
1847
2156
1841
1926
2054
1684
1675
2176
1795
1952
4209
1606
2848
2104
4308
2156
2112
3756
1760
2054
1859
3642
1900
1964
2627
1856
1999
1868
2350
4006
2319
1635
2016
1929
1961
1795
2752
4160
2141
2040
1681
1690
1760
1929
1949
2042
1960
2100
1783
2784
2214
2045
3992
1929
1760
1976
1827
2441
1859
1966
1981
1670
4457
1874
2025
1559
1821
2406
2170
1771
3951
1754
2173
2251
1792
1661
2444
2231
1990
1984
1882
2144
1705
4136
2080
1856
2336
1914
2347
1949
1882
1911
2141
1970
2278
2734
2185
1739
3229
2138
2083
1591
2761
2097
2164
1926
4055
2077
1999
2030
1707
2051
2025
1975
2406
2010
2010
1949
1888
1876
2057
1839
1955
1524
1934
2278
1795
1975
3773
2208
2543
4204
4241
1664
2016
3054
2278
2039
1923
2048
2144
1806
2007
1978
1821
2173
2141
1908
3564
2191
2190
1946
1952
1975
2411
1955
2432
2083
1559
2228
1798
2549
2348
1905
1984
2118
2173
1792
1577
3779
1987
1725
2094
2068
2182
1731
1804
1862
2051
1905
1705
1908
2787
2473
1655
1795
4082
2071
1763
3660
1865
1862
1798
1839
2336
1873
2772
2272
1964
2188
1772
2304
4096
2109
1763
2575
1981
2141
2135
3971
1684
4072
2129
2031
2060
2386
2432
1920
4073
1934
2196
1868
2720
1876
2097
2056
1806
1972
1789
2104
2211
2118
1754
1792
2124
1984
2083
3607
2077
1902
2310
2077
1853
2764
1835
1812
1990
2231
1908
2031
1516
1964
2065
2418
1836
1717
2301
1830
2100
2138
2447
1914
1891
2033
2062
2301
3342
1969
1984
2150
1970
1769
2080
2030
2191
3029
2583
1827
1813
2656
2955
1803
2121
1891
3875
2266
2022
2644
1722
1908
1949
2129
2051
2249
1891
2144
1972
1973
2121
1856
1972
1693
1702
3986
2025
1952
2653
2260
1914
2257
2231
1952
3759
1981
1824
1903
1690
2092
2287
1993
2144
4035
3991
2816
1865
2024
2031
2173
2063
2077
2202
1885
1929
2019
2022
2135
1740
4087
1932
1897
2356
1792
1809
1984
2025
2024
1995
1917
1981
2790
2062
1769
1888
2112
1940
1868
1844
1547
3846
1891
2217
1827
1815
1970
2001
1969
2150
1757
2266
2365
1731
2286
1626
2982
4134
2327
1914
1530
2336
2176
2380
1949
2662
1912
2059
2208
1685
2027
2321
3037
1978
1929
2004
1611
1847
2249
2007
1554
1658
1655
1972
2138
2027
2155
2301
4285
1670
2054
4137
1984
1871
2025
2313
2092
1996
2071
1591
2632
2112
2066
1981
1742
2609
2045
1955
1862
1955
2150
1996
1792
2266
1772
2240
2930
4285
2197
1949
2223
2179
1358
2324
4113
1905
1917
1867
2118
3683
2112
1882
1682
2141
2065
1522
1731
1984
2740
4140
1923
1827
2124
1533
2109
2060
4163
1993
3008
1835
2112
1964
2042
2086
3904
1810
2941
2220
2066
3889
1984
1984
2092
1827
2001
1949
1507
2063
1943
1845
2144
2103
2042
2010
2837
2376
1699
2732
2182
1897
2016
1722
1961
2531
1938
2283
1879
1722
2103
2156
2025
2028
2112
1562
2554
3913
1743
2092
2007
1882
2071
2109
1708
2170
1818
2144
1684
1868
1996
2028
1929
4055
1926
1836
1896
1775
1853
2211
1812
2112
2197
2214
4157
1653
1993
2089
4434
2010
3642
2435
1678
2118
2342
1806
2217
1655
2077
1801
1946
2234
1876
3802
4192
2836
1891
2060
1810
2153
1990
2051
1591
2080
4128
2804
2996
1949
1786
1562
4477
2231
1952
2176
2336
3776
2155
2013
2452
1961
2150
2266
1879
1632
3823
2330
2560
1792
1769
2025
1853
2042
2246
2263
1771
1966
2246
1705
2129
1646
2275
2310
2778
1678
4079
2822
1670
1955
3860
3645
2223
2173
1981
4273
1906
2077
2042
2351
2787
1554
1847
2176
2033
4171
2063
1795
2479
1955
1745
1865
1940
2057
1606
2013
1946
2127
2063
3744
1739
2717
1713
1827
2033
2147
2095
3214
1958
4355
1673
2094
2941
2211
2202
2350
1847
2287
2080
1734
3212
1905
3520
3476
1967
3130
2182
1766
2048
1763
1926
1865
3104
1760
1914
2173
1742
1873
4006
1940
1923
2097
2132
2229
2321
1871
1923
2022
1649
1856
2973
1975
2124
2362
2106
1664
1717
1853
1801
1815
1856
1754
1789
1862
2746
1992
1655
1693
2659
1940
1673
2080
1940
2307
1917
2179
1946
1725
2118
1667
2246
1975
2839
2959
1940
1905
2394
1943
2159
2223
1839
2179
1594
1969
2141
1929
1885
2243
2054
2022
3829
1478
2330
2301
1905
1896
1882
4259
2214
1958
3136
1623
1842
2251
1833
2581
2068
3965
2013
2298
1966
2033
1955
1949
3665
1882
1975
4143
1879
1804
2127
1990
1929
1827
1847
4457
1510
1629
1990
2222
1879
1993
1920
3435
1955
3895
3500
1344
2019
2642
2476
3005
2156
1909
2022
1952
2228
2223
2577
1960
1906
2042
2109
2205
2100
1644
4201
1833
2382
2094
2223
1728
1769
2057
1809
2723
2034
3756
1818
1885
2339
2048
2042
1848
2094
2112
1795
1958
1929
1970
1743
1859
1990
2630
1734
1870
3619
1850
1588
2118
2051
4119
1973
2656
2156
2106
3651
2133
1935
2644
1780
2027
2196
1949
2266
2944
4337
1972
1914
1935
2196
4247
4349
1827
3817
1894
2013
2060
2074
1984
2272
2415
2045
1603
2048
3761
2932
2176
2342
1737
1882
2051
1795
2034
1999
1813
2252
1716
2316
3709
1978
4285
1905
2086
4201
1908
1766
1769
1850
2121
1833
4250
1809
2060
2289
2042
2042
2051
1920
2112
1751
2153
2275
2138
1754
1798
2150
1973
1932
1859
4276
1949
3008
2188
2217
2176
4011
2258
1978
2618
2714
1600
2118
1998
1946
1795
1975
1841
2208
2551
1641
1865
1827
1772
1739
2636
2141
1992
2103
1850
4267
2065
2187
2051
2048
1600
2118
1967
4099
2298
1999
1937
1897
2115
2094
1987
1801
2101
2159
1705
2083
1935
2243
2004
2033
2112
1917
2004
2080
1981
2030
2714
2010
1763
1856
1862
2005
1760
2051
1856
2333
2104
2281
1789
1944
1527
1821
1949
1891
2077
2007
2106
2802
3450
1801
1687
2208
2790
1658
1833
2164
1853
2164
1702
2007
4224
1708
2196
1906
2237
1972
1795
1978
1809
1801
2048
2761
1821
2019
1774
1888
1972
1856
1888
2054
1586
2118
4262
1961
1792
1821
1975
1978
3956
2601
1984
2869
2010
1880
4134
2251
1731
1853
2258
1789
2502
1937
3002
2190
1984
2406
4288
2455
1940
1850
2313
2982
1804
2208
2170
3116
2007
3848
4204
1970
2168
1879
1862
1906
1769
2167
4303
1827
1832
1975
1623
2039
1600
1853
2394
1777
1629
4271
2237
1929
1935
1644
1955
1917
1929
2112
2231
2173
3660
2275
1743
4573
2243
2199
2069
2071
2063
2237
4110
2097
3709
1975
1975
1795
1929
2086
3529
1760
1760
1775
1815
2799
1981
1774
2068
2001
1949
2028
2153
2283
2284
1917
1888
2095
2109
4189
1952
2103
2624
4215
1984
1931
2333
4259
1958
4503
4096
1763
2030
2301
2185
1751
1882
2211
1801
2025
4291
3875
1621
2173
1798
2173
2304
1990
2429
1934
2368
1891
1897
2072
3316
1803
1981
3468
1850
2124
1821
2083
2772
2325
2328
3971
1827
1853
1899
2025
2004
1515
2217
4640
2828
2211
2787
1996
2033
2080
2086
2098
1929
1929
2738
1786
2167
4207
2202
2063
2263
2022
2141
1841
2025
1952
2930
1900
2153
1871
1769
3087
2490
2106
2132
3913
1571
1853
1778
1772
3869
1955
1888
2766
2703
2874
2161
4169
1664
3441
2013
1821
1626
2520
1801
2025
1987
2106
1879
1635
2086
3532
1906
1644
1583
1536
2223
1987
2228
2033
1859
1970
1489
4099
1842
2045
3267
4073
2060
1920
2001
2101
1414
3988
2153
3529
2034
1888
2609
2132
1912
1815
1714
4323
2132
1877
2034
2144
1850
2147
3726
2347
2674
1746
1853
1862
1972
2141
1952
2272
1891
1609
1964
2153
1772
2071
1961
1856
1972
3741
2013
1874
2002
2071
2104
1772
2118
1868
1897
4233
4056
2190
1955
1798
1856
2333
1774
1934
1813
2039
4070
1940
2040
2633
2417
1737
2060
1836
1935
4468
1516
2100
2019
1792
2135
2208
1934
1926
4151
1870
2013
2022
2045
4227
2996
1888
2208
2191
1673
1658
2080
1975
2094
2016
2083
2232
1978
2158
1935
2045
1932
2295
2190
1737
2580
2182
4160
2133
1487
1565
4259
1728
1949
2214
4395
1891
4215
2144
1772
1731
2258
2031
2286
1588
1969
1754
1914
2598
2068
1667
1868
2237
1952
2106
1987
2388
2298
2056
1952
1495
2097
2028
2781
1644
2144
2002
2095
2086
1937
3578
1938
1693
2013
1845
1937
1885
2016
2400
2196
3084
1949
2042
1888
2540
1856
3800
2051
4163
1943
1966
1827
2057
1780
1838
2083
2013
1576
4029
2694
1757
2598
1891
2025
1973
1836
2822
1821
1760
2199
1885
2109
2048
1882
1774
2438
1687
1803
1647
1629
1728
1815
2042
2470
2094
1958
2176
1713
1824
2185
2170
1987
1952
2136
1769
2484
1629
1786
2019
2420
1638
2167
1778
2941
2150
1990
2019
2086
2036
1972
1923
2022
2516
1649
2642
2057
2037
2109
3651
1879
2092
2083
3968
3860
3584
1812
1888
1824
2208
2013
1908
1737
2057
2228
2237
2115
1862
2269
3485
2421
4076
1853
1911
1920
1908
1938
1690
3796
4602
1838
2109
2068
1844
1946
2045
2208
2188
1739
4375
2173
2065
2176
2336
2226
2307
1754
1830
2039
1705
1990
1885
1935
1856
2321
1827
2039
2051
2598
1615
2435
3613
2129
2167
2519
2089
1798
1981
2144
2130
2656
2234
1786
3241
2060
1798
2095
2045
2022
4084
1981
1629
1984
2592
1993
1789
1877
1923
2106
1789
2141
2048
1725
1990
1960
2010
1574
1798
2135
2141
1969
3008
1879
2066
1938
2060
1574
2272
2083
1783
2196
2141
2074
1876
4038
2240
2071
1967
2560
3432
1803
2382
3788
2083
2007
2508
2092
1789
1934
3069
2039
3738
4349
2048
1603
1938
2115
2095
2097
1702
2034
1623
2039
2010
1949
3936
2089
1984
2176
1891
2161
1923
1984
2575
1693
2109
2240
2123
3302
2138
2193
1667
2196
4259
1629
2737
1699
2211
3849
2193
2016
2240
2034
1690
2406
2228
2138
1981
1920
3116
1804
1859
2214
1809
2234
1917
2237
2086
2002
2083
2109
1542
1940
2031
2269
2060
1812
2097
1990
1827
2033
2121
1833
2324
1778
1719
2071
1978
2159
4171
1906
1830
1868
1582
1932
1996
2132
1870
1888
1847
2121
1551
2129
1841
2039
2034
1798
1978
1702
1740
1841
1955
1597
2734
1972
1780
2004
1644
1629
1836
1999
1661
2118
3479
2060
1944
1719
2261
2083
4093
1946
2036
2284
2912
2682
2325
2406
2248
2993
2799
2004
2022
2103
1870
1807
2132
2013
2135
1879
1751
1807
2461
2025
1606
1862
1981
1679
2368
1853
2071
2325
1766
1885
3782
1932
1899
2423
2182
1853
2923
1859
1874
1862
1670
1926
2284
2071
1806
2161
2045
1524
4381
2028
2159
2170
4271
2051
2065
1806
2769
2319
2167
2275
1877
2121
4134
4247
4448
2313
4267
1693
2089
4264
1970
3939
2330
4041
1588
1766
2054
4090
1946
1737
1681
2039
1943
2054
2990
1841
1801
2054
1737
2001
2275
2150
1984
1719
1987
2132
2211
1716
1946
1975
1990
2176
2258
1879
4303
1978
2127
1978
2167
2354
1519
4128
2039
2179
2158
2740
4029
1972
1710
1623
2028
2278
1917
1850
2054
4026
2051
1879
2162
1905
2002
3720
1705
1993
1902
2624
3849
1603
1885
1704
1734
4398
1813
3683
2697
1993
1658
2632
1882
1393
2155
1798
1911
2246
1789
1565
2211
1952
2057
1777
2191
2773
1792
1865
1833
1911
1940
1722
2129
1525
2057
2193
2414
2002
2202
1978
1914
1807
1591
1992
1958
2720
3785
2031
1978
2126
1804
1792
1614
1798
2234
2025
1812
3863
1952
1932
1798
1955
1699
2004
2004
2711
1870
2188
2240
2016
1781
1952
1620
1746
2030
2266
2115
1783
2170
1970
1856
1879
2246
2208
2072
1809
4305
1943
4137
2714
1937
2147
