9037114.0
17364.83937126368
48616.002961850136
4832.142035853758
44130.77144056056
17346.854620065544
17594.10188515784
40551.95776257817
16045.971866889999
40215.91420306277
14664.701301023459
40996.01546521812
13721.565132300157
40792.806940566166
53589.865501633736
46311.54997596612
40126.48813693479
69819.98500526215
28829.02896290309
7241.392365207344
20112.50928681684
37636.91716162335
49985.861807485184
49011.06779851643
45345.11408521565
34486.59306053972
14763.035574914307
38720.74683742147
13585.382802306442
6260.091028363113
60057.06286457593
28731.099839631166
80033.15149170517
20742.520246925287
15811.994938847814
8809.745079260163
41348.0651558951
62308.50195179484
13484.949486054666
20386.608278492746
62284.39850002495
41416.22885853143
80403.41688358955
30877.721960641014
28479.00536493884
11625.2928832414
44859.02295979903
62887.60157081973
61262.9249373129
41741.26376072334
46269.67787654719
35392.29253931664
47769.256063072884
88690.0151989468
71809.39744699547
21999.47528439172
28249.66429834638
4758.059874881142
76913.51705113993
51200.22534811363
18370.955562996096
62851.52715420217
33531.717927506834
3105.9824510431113
55760.478074257764
17223.118904331535
21568.13095910622
51644.130699453075
28450.3937772882
17081.640533065278
42141.94469834511
34206.229856494574
27392.788891608114
33510.070305788104
3573.7702148963826
44407.70543184041
18206.387507780077
24384.201540124173
22370.222765717015
19947.15713039777
10366.154566192505
66035.67421650993
61875.569747475405
13343.906030073278
35967.82392268669
40961.328698328914
21039.572422533314
32713.35522624987
8041.933972356401
48882.205078182895
61604.98147544883
34171.08979514114
34307.65091054798
36236.92198598273
17268.510609546884
37667.54652500268
33604.830613573235
18675.535899436207
56802.35528960765
11088.001875675489
45707.55658368779
38771.63430435447
20312.57589561144
37843.42400026516
44212.59031509699
20841.491373031593
71786.09103027797
7951.5369741121685
25029.98916829005
75553.08889630114
46437.05029367014
25843.521675425247
27186.946561120923
12057.08704642684
18407.758762760895
41240.50342739579
33888.366840964576
46165.774658764916
37749.0148121761
53804.80076687514
31744.97488206428
13096.298733782562
20701.957064429163
39756.774310260495
24584.167449084372
32908.82555905292
45690.027936458275
25415.885113926743
9525.576055578613
65782.15659918282
6237.620268563327
26966.443425076624
29103.70414479174
53390.534123628924
35221.80740269985
13283.318148228404
9078.99594956121
7183.572633720676
12502.051430429838
32965.04098021987
12159.48683393838
11126.346797449076
32234.170059406555
53779.40410396299
51443.7409721625
23292.862798245762
22530.42860170746
19507.198567333216
19892.7451147389
52910.59883722355
34202.825439367574
28226.523266004668
61853.026175013285
61272.73940465195
10930.080321059317
59219.6087695807
62610.547003679385
18054.467744927122
99306.87731848877
17238.181073693435
49990.73969715517
53102.50345435572
2934.7770646190347
32691.211650988844
52140.21881310755
47645.917956301586
29816.402996364315
12229.918119634893
67720.7127234231
5362.602111293302
46739.54955718432
30241.23819033058
55920.13623013321
53350.8287977712
40900.716774369124
70016.29827443245
46267.3957649193
44412.89846300684
115621.49683543753
18428.86119544546
35353.852739020374
4311.495301815286
41732.144097579534
20766.797130610343
25653.66753205987
50067.82994477854
27882.751732688437
49327.28700799142
54334.5612112417
4269.663401140621
41872.71564146398
43756.55855575485
15053.0289481492
70779.91718367937
71603.0032780216
24350.08553044818
1251.797289894975
31434.19874599406
50705.860284526534
17205.802476969762
21276.476947941035
39412.021855679355
22532.86771086603
22264.418578434423
80656.66088991716
39526.92511111969
39310.746647857566
25574.367536003076
12247.68598702278
16742.878822937422
20055.718892600886
20666.93031743672
60577.027939498854
36199.28963890197
79780.348355411
24768.566407271806
56745.12213681774
14032.189086129512
43041.088056912035
60807.84751343064
63116.55301434883
29597.489967009573
73002.78769031499
11015.095981419297
18825.305878325096
86368.32193159839
17560.277218146264
31136.238165199473
37963.013760854716
27302.730533661474
21377.983705939805
49688.5129349481
33754.15880210175
52275.33290904648
33174.55972118833
62173.144521372706
49689.506398713165
31337.93284146441
44486.392669945904
47280.07188633452
29844.61930516197
27144.76595817092
24075.235354007287
30455.128420820984
33571.389485320135
59936.024834133634
64117.978771544316
41824.81530577015
17149.423853886074
21676.24034617493
31996.53482339369
50681.25820153891
27988.216156855153
37692.065373989775
62105.910902243086
60101.45404631482
20258.26199970329
36574.96211331541
51629.321672287784
92868.02914949859
41568.816795003644
21427.03132314743
47116.61999495177
9918.52157349254
52184.358840606335
38765.91751919736
11941.442915326897
39243.51727226998
60101.44522640388
49077.47138179365
26833.41781704761
39456.20988793809
29285.721930551397
2622.988407044569
22419.859427347757
35055.05741423433
28075.808331140488
104458.41550138881
62868.37459148514
48308.04121995885
29213.80355534448
43338.49172452425
12567.76107293343
15078.154734310854
45616.99496740149
13883.475086383958
4635.3131770021155
29392.675852699864
10777.081813464056
28994.57207489313
37850.22229587611
33635.82097543066
14656.07223466756
57060.821870105785
42620.13490718005
29209.274209695628
48009.69120857053
37245.63244503449
49072.06248035021
27884.928217800112
66951.94438816917
6520.466090247232
5076.69197577131
20028.69620568377
31812.589837444917
19517.41480319696
14185.606005324511
10503.895470396788
56321.81436077459
11643.071821748521
26711.484641567917
38543.233661183425
50302.04479780642
32706.37464354346
34125.52281915371
31638.165655105582
29021.05024372378
32442.701959685117
48617.90990106819
26475.709256730865
28342.992123832475
19069.37143695213
60591.378004615544
61000.357385835196
53047.7030881461
37855.500607934235
54352.326675597345
40347.68658176363
38955.0809193704
20737.20511306247
41386.84105091763
4303.656858684603
54627.98216837603
6433.994982492514
37097.89503651077
31387.577239429018
57811.371979824726
84458.60108525149
29297.937732733837
39116.400594181956
71295.31659950291
38866.44284453995
26033.56861900339
43258.78560182006
25461.075404493193
32555.156824539823
17781.981607093614
15986.504579563072
7406.765299597869
15249.419517331988
6694.634336696919
48338.265429070576
52943.24749025935
40102.033648127166
32340.5120685951
25371.434856883425
41888.88277168233
3361.9059329962256
21920.00437380317
27775.323580328088
66474.96738017388
27311.73394835765
35825.19919216076
64483.40094673507
38272.62395991687
14000.373737138387
4407.878711742898
8598.504656999052
23701.3664723032
19662.77437485615
6755.48382004555
18299.279142310028
33025.187540718696
46771.29607753503
46453.09092891144
41827.274060974545
18075.289799230453
90550.44428453257
33756.215845085935
8830.32560497693
33101.79648663798
31519.37996087639
62687.38601314492
24921.101625997093
39110.38624143178
42853.559344111854
66082.06653799722
17881.15112905082
5607.446501409423
28327.70203057164
22499.582434194388
46300.595019979286
63600.705806793005
68687.18057213702
36416.2036658956
53159.482093563594
36645.880172862846
30968.835555417663
9981.180968225675
13758.372552798488
5791.292006914498
65743.87484542048
21809.9933983741
78818.92497733588
21450.911678794644
37572.05353149301
49296.56262729925
41435.41416894479
10711.742582134437
61519.083136965855
14228.799604123096
30516.64570930694
62447.403992151136
47633.64847131071
28312.80479239645
32889.15530923331
15413.04336091791
31373.12618661868
51359.270970246915
37018.09422834295
37090.35348019728
20166.786344443157
76725.20585019508
9473.45934311119
76857.3521383654
25816.454144689036
34774.25557573781
41197.91728999023
22421.792739821027
46873.823047097074
72322.46199569973
35651.68871208346
22658.96770144457
10570.708587834424
37943.077832437775
48011.33794165997
19049.988603299676
23102.84480956295
93027.76744824098
35194.836460105835
3659.2731724980285
15578.278445143882
22355.18233699647
22657.31090887435
40069.68026990791
46124.334603488285
55564.50095380935
46028.97223605799
40175.08789087946
27304.926676197207
42848.220174007496
11969.162185055728
4813.77737246696
47536.687656233444
15126.30303800325
47251.97819192115
48778.831989933504
32262.307963920623
15511.781679807265
24808.19407708383
58052.811621727225
39004.80105769856
10286.631367927552
45523.50763372204
38019.545999407215
31639.793141745024
37839.42582945577
24684.946222348928
36669.80991979383
29631.75710030392
49411.151843548745
19344.19672541079
17516.356832814872
14285.067556270998
12077.863305759489
24477.7005641879
57922.23178547329
14077.706339070095
28098.107244641153
17159.336302351214
19506.507081003983
44719.56530774807
45504.875329351766
31955.194930786813
24161.76705984381
35038.036030506526
31921.424826984115
37186.863462574416
6277.303447608906
59527.54721417524
42896.29973044533
24975.51378254023
35102.077526001594
76984.41964554162
61580.04092826874
28782.824076675166
26115.459856196794
46125.55623917556
82990.00732805724
40679.06840505163
74605.4430199852
29926.421472153266
35078.5774206577
42075.37675646995
31058.642970501092
41529.25734831176
53079.542402317325
42266.32097364851
54235.432146960025
38299.753790978386
62660.00050533257
41044.816950070446
7151.518413363369
17294.795761847676
12641.710341724827
82237.23320453826
33818.52451506571
21777.602047402735
19830.349660004005
51462.51081734376
13811.008357684294
30944.24234199709
29181.60172209535
62602.60566064872
22883.110700928453
64300.47240059181
84668.2777801697
25834.816479917452
30846.616750017536
23447.2156106923
47582.643780549864
30761.08294071464
23045.186998058995
16611.129792983196
51178.38114761094
75818.83536015748
6567.902472425841
55877.28711766053
26753.909781312672
14464.572478487014
40104.17849254118
18870.136333029583
23715.673087168296
76983.40800819856
34658.93846534335
38977.40532663417
25616.805402930226
12293.154601174709
13070.55490800187
44297.27017986868
54174.89343704581
37391.88736023963
25202.207947161503
51393.80135937542
33300.63516199736
38839.622358131615
39774.04333412216
45154.68198628221
40623.47764379414
19928.9764731835
10243.690509769582
38250.271481268384
42352.70951161702
15772.50566600185
33757.7650497584
38890.50022528048
72570.2672375855
37921.964203372
6357.864909195981
9206.980489289768
41163.06674513266
18798.528919603203
11374.917567042585
58640.30879531001
5697.5716260919835
18224.974694170818
33297.55785012602
51658.42571816681
44891.37653902261
23088.028399678224
13508.874804964407
40562.36532032311
22902.731700747547
6201.055764546634
16734.25172845977
34946.90259150022
11871.086612521785
36751.16484235693
31705.096099170223
48449.7437157334
50540.97966711806
52121.597733719485
13040.118232963918
51696.46835516953
30866.388801709632
35685.99815204131
28943.85562836247
38148.517696869916
50269.19918995561
26062.797801478162
78321.26495358002
79668.460666551
42228.533673018355
31478.51115682718
38192.60760793171
26103.90879431353
17549.680475964127
50989.38333333863
50660.967709405435
54619.485154552414
28578.716132211503
39343.96607566514
32339.18312166892
23173.38472305078
30297.986527501067
46773.441821605535
63882.9356373614
31515.34642390922
15323.045113099375
4039.1104323557315
24234.7293480399
53854.84243485257
18026.197223324685
11508.291909888745
49090.78782448327
40608.07147922752
49666.802752025214
34483.714549418306
45242.736376964
37073.423100592205
27328.7011332737
32678.516199761092
58427.016749473936
81775.06854730078
19391.848577128338
8654.994043169912
5040.03993826294
24307.158650766403
3742.236468068074
28585.56315037596
57879.241292746934
42369.032592862
24110.453316623563
95989.88604616367
46973.72386292189
14453.749143256111
51396.29147895196
48059.07450454113
60555.442971152464
43602.74337257882
17786.210052803926
28068.153631904832
9619.935514168992
89254.11752084397
64859.358813803585
24248.43769128037
57087.24917218453
51475.99462407419
54977.66457092977
25099.01523216204
37914.17819885979
18381.21253186825
30010.103041914917
68032.56400769763
12561.334500039167
23297.254291816767
28217.47087639155
37369.1688843795
45767.10352173654
12695.455434921647
61582.86793534518
35873.312523334374
19227.142993602258
36977.228660635
27762.710816697363
51676.31298980381
39814.73946793765
34702.07070703153
49126.29131609567
22468.62629266607
25469.264205806823
35063.52514483913
6779.459152226522
44937.23411560113
54450.07673762549
43529.332801836325
1625.6278868830716
30838.27179705956
42302.88437175148
53910.4478750705
40367.62263646258
41930.80661231881
11975.069127657514
40699.66410956592
28129.99219958194
13794.28434884534
81365.71982407034
26106.06066091052
6555.1982198018295
79781.79209027255
5484.108648611481
31801.620113007782
23221.56269107215
32039.822447809114
37227.540411378686
33470.5306520092
54058.599424585445
39636.68586409682
29367.60514203325
40371.97737186487
46875.78200123869
47292.11630540622
29903.705566647815
34391.36885952992
46089.90796985935
88721.17249085868
37253.31732463501
35465.8637252947
88648.83871055213
12504.901759329401
53217.98697770139
104868.00562639086
61389.45961426398
21427.433949120223
41186.98292830662
63421.49125655944
59589.76116092773
46569.306791097006
30146.002725047278
51394.73162097144
95445.12997831737
31346.23760353397
22899.692004329627
36653.80085371579
80392.73848830935
48428.35608531725
8958.138472006844
21914.799550930446
37444.6003264584
55010.139308602644
49440.647405747295
29788.557938280494
28845.671646917603
30191.049444771135
47730.7444325676
18281.50171130416
32551.11821796758
28282.011388072096
37846.821713172874
42461.477501655805
9622.330998036186
56901.41187799514
11482.435263016485
68640.49721534568
19486.049118099883
59447.174555204896
44057.65986085648
23961.019487275913
30213.0232309238
44154.522872787864
19507.216616083446
76472.21228579957
62399.0298977978
19972.19857563119
47384.581067958214
70348.62342208662
21759.288650923216
28430.688833446184
22411.82738006248
41620.373651280686
37893.35872322236
31601.896730936518
11234.85205292605
62036.03883207792
100561.68234025392
10641.87412831097
30717.76802605444
31794.711920631624
35572.76247604912
36853.823269360895
51986.58075150655
52541.14120626079
39842.84543354673
56026.308546736065
68809.42703273351
26084.83529448763
54357.75872802067
37491.311729832676
42916.6402535009
16314.654648390151
24613.96423891934
14382.035389958879
19710.105089607936
40792.69838051454
36847.40971700036
31658.343644519675
54729.79345905537
48418.8966796504
28704.36576898443
4374.008467626672
69888.26769928777
25900.51446489889
18317.251402623806
34618.920899541496
20365.30900050838
20545.230965342736
10267.05021046643
18500.598548218222
60165.359400271256
67300.93093948446
78794.70715559188
37273.20417189818
17127.19941998178
50194.411320906234
26959.577873368005
49570.36907412766
34737.40713279044
15058.067649102268
44330.558882328005
5596.927974321755
41824.36560999203
26985.756270304595
27338.42272073266
28638.578993381496
31086.165452134115
38340.17600021451
37547.03727078448
58095.55601397366
66431.49157705354
21814.790501525276
57685.21687071255
26743.713470437313
46677.0155248666
27892.477272437973
26212.299511482783
47566.99294225051
46223.767333105854
72597.18307770163
12411.489634896676
45197.82128137053
37246.21599512998
17789.128171942022
59221.47953138757
17838.94276932034
72304.31790046961
35506.958955713024
38216.754710984824
50576.25495175104
69001.98722848542
23512.423791404774
29408.079576070948
47216.7795133561
27587.786507462068
21789.76948819635
32712.649531221483
23490.65479891851
35776.135325964235
41710.39194985858
41892.61756514869
55849.174030156304
22913.874201211645
6705.773219616114
66614.770560532
17622.809320579123
8256.73866189744
14615.820572641025
47510.00835225145
66464.48763577193
7122.534910348831
36059.50907410138
60415.76697392686
42284.79389091444
18892.38731439966
15798.511525945565
20235.67611780259
31416.457856653076
25584.2902254224
18665.62047615443
33288.21412760271
50427.97657119306
27105.780254230132
40161.36866262626
86097.90535061262
62953.50835679722
19705.925775693082
22540.125385370982
54858.08237817119
45262.0876861333
28485.32669980329
63777.88184741951
33456.68328927197
61638.23965847607
79441.30749618639
53683.85936855724
20785.542901538684
42918.27491287209
71146.31190219181
16276.607634754819
29122.431009083648
38160.96805098273
30346.836743012052
67855.5602236265
17018.797651517696
33358.29250210264
20791.85475733837
44375.21355759739
53624.52424738783
46146.11054588959
25165.266732734148
39701.40550447472
9712.591416509931
35779.78674534002
62062.25845529025
28610.845667210557
26834.808839420635
32375.053675865125
26479.22748711782
18623.450689314206
34172.869790139084
16629.58303315047
21828.295256108686
44534.86987863742
37262.35031154316
47904.007537494566
20952.738077472575
16602.15909359648
32355.53779345096
31446.43708032727
54852.914564784034
47984.705891359255
34576.36788040563
46235.5229503286
37761.3911517143
2527.9185903617613
92505.81581047182
43468.214216061264
21098.410975200328
56964.23595132839
33009.84891070469
29039.25462148863
28745.021882870296
46900.48319564314
48855.98739797864
31363.672060398545
33183.652761913014
26925.63102816771
33574.613554302414
30632.529283038722
20303.905682965353
36970.29267889401
29247.086462617743
65077.21842831781
38495.06688738831
61025.97414076067
56719.803033961194
61615.25763166922
33188.13759632555
57969.656317393055
58391.952261433806
47110.19692294736
24255.807653465457
65461.45101472948
56030.26886131202
42007.002099937796
35298.568503168164
30370.341440005686
20292.44130498821
84592.79989752555
42170.00149509967
49800.46366128375
39283.96622589645
22531.168709077723
55615.28246209092
46152.098277909274
23011.405694317917
15174.856441849915
26577.652374652247
25341.96723943565
17451.264419232055
28679.31318981979
50272.33290060099
37694.225904689185
29299.120846510967
29175.788578589127
41635.51508592537
30316.74015738983
14822.93917649153
25179.28867593675
6843.2266432708775
21737.62521223927
42728.79048686646
32452.777600017318
48634.966959321355
29306.745356091258
46130.8362615966
20550.26111450739
50679.28166834725
66698.35702386947
26532.05871994239
36959.79722454253
16733.8183179818
23171.886101922824
46822.92520598882
8522.025298362596
77398.74031682099
49505.782142596865
38135.04539713892
30669.046808663446
53782.54456573806
10056.44378448995
43407.64118788132
15765.411169589806
30171.518979028773
8453.872348273568
61314.0948571135
3748.605743392543
42302.77822091291
35210.3112212399
26216.05827849295
29522.34357624061
50026.03105320691
33722.79511255863
36770.954145351345
20930.326538390385
68247.41262494696
35649.11527847614
37169.300192152776
30429.871754790573
47519.51471108302
38996.55553024479
22446.542952513166
8440.622915609943
11335.301363269196
32602.536298719195
29769.603456176686
34551.32593071191
39131.518950402824
46822.27523210993
36607.07772658317
22841.122520056615
22602.369815417747
35279.73088377509
32841.56336291318
10094.846029774391
14196.733215137036
46343.04889080256
62070.071321767784
43858.67123429107
16937.697146432194
29870.634193041937
14728.411122763682
34889.95561792188
41647.145690808524
69585.82409307969
53634.19746741441
36924.373224762734
42474.80656662159
66648.58859465332
20029.714069561578
13197.716648405607
28958.37993941805
48653.386865309956
7573.3237102615685
3694.1509248018187
20431.7227022571
16594.323028408817
58360.094738987566
8535.126007508063
4517.725141648541
64568.65138302614
68765.49067002234
42901.58176792224
37639.59319600371
26945.719240499027
25797.474124639903
27959.35497116634
15756.410820316225
19867.14502074993
26708.43982898289
48323.64803197535
31016.67568767857
7902.889317636309
30911.20075766001
39763.17086594832
28266.118886858545
63407.6879863303
43862.99244079227
65623.75377641377
23365.63759612523
52165.342603216544
24789.794700152022
38583.03663370203
34328.19883602206
63072.02234037233
37847.445151093125
9740.497140847108
19922.179128055974
30278.75372291983
15839.167551557071
56671.276817504404
40952.955978156046
29856.151494437043
67969.36109623908
67706.33304063194
46412.19742643383
7759.906060224445
15541.009405912551
22319.937814139645
35640.734632894746
79678.56327629497
49392.998989691034
35175.68646245543
58135.331397478745
94952.32364675144
35326.35485329106
45523.664764598514
53257.29681934277
39564.13752670571
65703.17750017488
29142.686654592537
36392.53261644335
21111.217188871222
45817.938061096575
53368.82023242437
3683.7949823913304
70731.18694391056
28929.07966507428
26032.538990538204
45097.17749323593
17171.69135715947
58571.097765067665
39903.46118909718
7342.437584747724
33046.72102194998
35526.87476259642
12331.257897333717
30597.49329705221
26055.925301608688
12517.952487023096
19256.004346708552
42127.427872883774
53303.95229028178
7422.7190352358375
29034.6313254123
39882.136081220306
34109.13984139075
34328.17100671276
23652.718381757404
50436.69665737445
41162.87648498267
58576.37439715982
38963.19074500963
18433.819318615806
37518.11718929057
24548.129421440884
57199.246226061296
27408.10275767423
60696.63470486899
81161.62011465992
52136.54125564257
59505.60712699018
35116.22356104767
15498.470794915735
23371.234705229905
49753.43495820096
56804.99039963917
49977.43614006288
53769.00943565392
22344.65890593403
50490.71426555769
54518.41005305114
62194.45001735747
43515.50433422338
47804.858460212854
49196.60662522095
45889.22849629066
39264.80304399468
1014.8443703259165
16628.221106184043
37313.97128657227
24649.059652898617
17249.697647562854
17120.160315315272
9070.538547999067
41943.93007822861
61170.21587569053
46905.504103523184
22087.783975702732
35950.8142136418
60637.21045105051
21942.112044245314
46524.25217148197
34421.280196432665
68677.07086278085
18868.294357451316
54681.48572198693
21503.142381981488
31978.195394253944
52806.691809822216
33384.37634176171
35296.680355708435
64502.4801545612
44597.88049876051
64321.93116587232
81759.9782540586
38017.07080634654
8150.605872902621
43057.91574009438
17081.5634411901
11787.958509000226
55146.58455117131
50694.4927052977
40717.258842228155
19655.972800948464
56966.73767314095
49080.87564424238
37454.40592706198
13152.576596517618
71649.43988428041
50401.63596686015
24671.37711006987
62611.54761368112
67542.87007957957
67316.9038213254
53863.20244943669
49524.82765112863
28984.06499907047
34612.359040219315
40578.96532072854
16597.57055032349
29425.696841580517
20734.02853223867
41392.930405083265
13387.23869219304
31466.362934705827
24150.51798966945
23245.64156926937
31363.656584709777
24743.105937141976
57498.89135749615
17748.703308956756
6844.549810507674
48165.9016955438
9802.78268829355
58862.57468687551
27848.688413203367
54771.83082502577
45639.90128571673
21791.278097609844
45899.89510116006
43083.47958072757
27654.665018036914
32377.78035483585
25465.307329836152
41460.15868392815
48088.56216535091
24660.468334901354
30025.155655574206
78849.84991502996
28048.586932876296
24186.402425308897
35973.664559062854
40126.96890517265
36970.489278146975
26564.46472291584
32949.02168645474
44678.47258420545
19973.10798729435
43472.138065847765
38915.80736688787
18533.962345098207
35696.15078121556
31590.032428503375
7983.6924953174885
32723.82722401557
37343.51348441195
29210.139841453292
34405.79026693263
43144.24553858976
55903.533504142026
61162.5492076423
50436.06511123224
123335.06921064708
39546.632389729195
42571.97498480264
55745.57778820995
11574.374701672183
35938.79019744421
54718.74138019987
18157.205882431255
34100.17377797071
24678.87223831952
43242.972067193405
38383.76630998051
25729.883476214225
28299.671639862947
47605.175834487054
32593.82376069067
41888.618738044424
30812.845601700745
19188.064172577564
9448.347568015786
9369.204831444944
32847.19481060288
29336.811798770508
51113.98405211269
20432.44009432585
25979.902909274977
30513.6741648314
29081.936156108735
23178.766879487168
19059.244400549585
59665.85264062306
33060.265795668645
41057.28761338409
25334.54716490128
14700.51537842761
46131.478406950446
42337.148842309354
8445.024272193617
26500.823772633146
29817.041710054098
67733.91730769539
74402.81595632335
3241.244883936613
43982.87923911394
37771.31996736406
32469.79861779589
35388.59944725057
41433.20051411894
42276.63410189404
17370.036905165332
12330.32107354736
33638.567791549176
46243.472705533124
63320.25473125538
19965.137142156756
29093.245443269057
62444.78327506245
59880.3918582444
12879.613529267355
17212.58926968881
28286.544756574916
35689.43324771725
24043.77491969434
23799.19500532214
52587.2441044373
48804.94233107079
69375.39289113796
37661.74164717572
26288.266222059512
16968.142935807675
34613.33820075121
58986.78630000734
16477.817119942145
45584.06662316615
31560.611635820234
14896.61465319201
56490.63056402958
8833.542927604303
16758.78651117188
39515.33496688694
63520.59163345893
18642.8446818026
32972.35407561633
52939.51881147043
26214.012112191933
5758.121311142575
42708.01472233675
5966.986348688861
19374.90625277083
35402.81188240864
67540.63165436294
74942.35947904778
87013.77239035742
40725.023764915575
52645.12789789135
33607.58565376796
21304.228323929456
54776.843771761916
14098.97355684981
30883.79145560311
31710.221152567745
15886.748271129929
35469.99080435546
26143.338303231816
30439.917349348012
35221.87202155426
58418.366762887184
21752.658479813243
41492.652789145446
34274.89857407877
22068.11448299122
28543.8518200779
48787.19872750529
24679.73517444734
33799.40259675629
54426.14395032656
8580.514714788145
2160.1904146787906
83324.25501986878
48902.51804046175
51966.45814436779
42205.80612926284
49325.85882710204
12842.729438437547
61862.33558027359
19799.053164790712
4317.667379225571
74564.91911941358
39667.495165385866
23484.365336057377
28131.700542895887
2901.7253875293845
26106.508231624863
51369.93564777599
67456.04817183535
18040.71291482798
19564.273265848984
25574.818662264228
35825.92658486747
22938.31365682243
34908.7682603677
27795.75282911339
9134.928467495853
25071.228020333965
58230.0674967295
20288.15109481515
33738.0086373297
10581.476699734907
47926.101446209475
10344.905661442406
29071.40938000897
16313.741161252176
73515.00720572914
46892.1981822313
44935.8430410733
55182.326367559224
51771.86016691843
100034.19313818759
41545.748771538216
18313.63492709981
44912.76994900847
28360.91757545176
20460.923801933503
25800.3012377985
30516.757618489075
41821.68210741671
21656.161053749292
44362.29589228566
28246.252511126153
41437.963731971366
46674.77248313497
34312.51833297364
55184.75265178071
32371.399341438937
30602.228461989343
30628.514369645665
5544.550605304919
28488.565085438866
29598.471624514375
23439.462039876384
19479.494769066965
60173.189062004734
72096.63926940126
37333.26208389161
27110.857157959315
44357.243962229826
47822.506325118375
7332.482142463583
26236.40571907459
31188.46048478714
66612.34564789312
3308.9355640469425
1694.101685944595
33358.940569495964
68790.67117275295
14107.501111640742
24202.634302285816
18533.69857769222
25299.19628688217
71793.5997791511
9029.212826808967
41437.69193117766
9733.21876225559
58441.91748275919
43345.83852376859
8119.918339041601
30360.65456274361
43773.42286188242
37078.03369775278
23875.10305752646
43853.157716899936
57436.05391961288
18580.51435976868
45925.80387031526
48227.27558516618
43950.46623333903
42252.94589096862
45563.22882114386
26271.911094642124
35897.62827539189
53039.65204016971
18412.11938952582
78643.43961553824
34327.87573139026
51605.97028539248
38216.76245750392
6612.509292613922
55344.3680306943
50317.39345327713
32157.364415229596
75238.0210801326
45287.55201017688
34746.54327413418
65739.65328956934
71920.97119608475
23567.694916248733
21229.6748794826
60573.10842214864
30932.616450206653
11104.940123032486
22038.31181605841
66656.9950226384
40022.12849606886
26655.03915771543
26181.573106668424
62643.590787375724
51301.74668758235
36865.06477084257
44147.281974348254
8415.812201080458
28362.501878256473
55909.052882304146
46162.90353341192
17562.12803113303
53819.637423371896
19042.756394579323
31719.666304974442
48716.73295785281
26601.519998407017
35460.42789225547
56113.772141428715
34310.06512166791
19362.80655327697
35990.59539396955
11805.993426970366
58174.40052135318
72479.98562166296
30425.49180276751
51627.360028782205
43230.631194049696
10657.302929521333
50403.7580825634
30827.33565962626
30879.584180482016
22517.209589984617
42110.51396607666
24645.974282369356
29027.346570540543
62041.98757668323
53874.53493530468
11692.518369465743
82023.19475140849
30871.442682559602
31043.30041616845
44923.17784428813
16836.4708207538
39536.18820498192
26237.11245544436
6705.924785161187
47534.07961740566
8024.953262649865
51318.31285082803
89196.37020644108
39445.35244010724
10391.974735359881
47626.4742578462
5313.5503337509235
26549.56735481837
87765.88144406669
19920.90874264759
61603.45182600549
24870.16117453877
10464.089487881052
66579.67399021845
51744.30965423564
39714.38960777631
18538.00642418036
19543.24566658018
28839.811950384836
73795.88082030727
19427.65949197482
35915.76493457994
33226.094190696
6155.45293362646
47197.52260136852
52483.15430040266
58547.90549873758
19587.44054587031
19024.581876454395
35062.417204515055
21058.94992012561
39099.70121481941
47098.27578765708
15464.392829796667
37123.191262383756
22751.238106303645
20205.027169750872
60205.172062750564
29836.07415870309
39933.16061326387
39523.90352174115
64003.37256426629
23591.552093299553
10607.9738005195
37948.251517301156
2338.016623875683
35969.939543658445
36236.86122354188
22591.60805227511
40661.00705056797
36688.357400999914
27933.425903108495
41400.22030698485
16617.474299752233
32967.21019842604
68421.52424495833
32518.78428142812
31731.981453295342
28606.581959254574
46821.53105429549
50909.231820613604
11494.049066460739
26892.46245221844
24332.11899140871
37731.65812438825
54408.00060990423
33550.65581862442
65110.33711817729
22850.384808258084
75139.68207553762
36945.817174580756
45539.12309081445
2003.4012336983878
41285.72385129038
52455.340896002206
49878.57038552082
50825.139129562114
15465.484766635096
40903.83188256637
27322.177642287286
13831.463924323385
24638.900198376894
60807.509115099485
50572.43682093541
80193.98605853532
16276.349844599055
51154.70498401208
12418.779010282433
33291.9830221001
24040.075004971066
37045.88974139372
60108.9545538068
3003.142183148048
7225.40311125212
39869.526148633966
64887.251772470976
36249.66871650105
46331.292788480554
29121.925878676426
42051.461014452354
36827.05261574361
21780.143063273816
44283.47750567548
33642.801166969286
37206.786567665236
40936.72945207397
36899.00019348845
33647.1127607626
50021.217713254315
26445.40856048059
49566.35079880206
33446.57783984951
54984.550562454984
25226.482776914592
35921.54578452235
27311.01245691833
15420.995598254447
12204.743118716506
28051.954618216478
60965.64068956255
27632.783586273763
12017.759484256327
10386.947038963612
11289.454065501586
37279.58582518632
55842.96579168846
31113.760935425154
64423.94942053159
64541.2684755774
41645.80958431394
26705.933330862517
50837.59508411778
55679.35111787543
21631.833550357573
20489.938877417968
56260.82058818156
44125.29682199726
43320.112788941966
16865.546813909023
36790.98565571075
44087.51653039155
23980.765018782815
26737.952441750713
38997.759298377765
46332.11914199586
24180.68541333826
29645.623998479823
19269.46985539308
25958.21816732698
7057.076042089854
67191.12772823048
35758.77481549085
46574.946754733544
45039.77884589822
13541.938199034204
28206.89980450616
18216.745935386818
27279.865501139066
75635.60416196984
18930.27480469308
42338.87783359756
54884.451307565956
31374.96540830136
52412.74690346923
55587.541914280846
36480.78141718247
46022.22587065743
46642.19035151403
23645.071189024475
37244.35088298202
32802.55572307707
31119.92181512306
13913.141521865551
24748.152225303224
21777.95593740799
32902.993854069406
32247.913209064922
46170.67779523495
92649.4897647564
23734.957175043728
13181.82684003573
33330.351476676704
28482.186834664048
15208.48312115421
18701.891174613917
25499.093801787025
38111.19086142586
60107.60275301417
16069.945485282116
33005.03906074519
49227.1679075826
67876.13291743518
29899.058041442084
23624.08570519423
25317.214215261014
14078.312450746835
37616.27257605675
30493.16782589188
34988.47671130708
23561.38518634304
21820.877880085663
41542.210052485
19055.068413040328
13471.898171578207
31168.925979467465
12544.969155084995
15560.0419113935
24346.76934436016
48011.542357322745
29185.304312164048
60295.428516118314
25865.89343144867
24352.130985343236
14322.098906076446
25600.936927244657
7664.384428330494
70822.8396589221
12841.749169603852
21088.95854088273
37222.17392857422
33809.35392254889
45241.133768167434
6789.2555615006895
30768.640164361834
77170.48245719186
6139.44645390863
54013.50795279021
37496.249271948305
44048.94169995548
22177.514055259515
67346.62150520533
20552.75314238021
46480.62170696889
51450.185799194136
37166.7069421646
27399.184710523095
42584.403162043454
31831.464699707634
39912.225011218725
13330.570484609085
58484.94177109682
32851.86722660917
16346.496499355268
30069.71818242221
23474.213573590063
18851.15466742194
45023.273366042595
46328.05324045583
57476.10967737912
10473.37995572835
20068.292203651028
57546.18298231001
30055.66211504402
25889.15224516619
12067.640959835871
34084.57784771375
92759.84198924202
39564.19496167502
29039.11957051136
19594.502086604418
34732.239671604126
29513.516287407445
76729.52719982286
34777.789496357844
18024.268630413124
3412.4691790278084
13122.060342042005
16288.756344995236
48457.40233557302
13114.506885691853
42155.787490721654
51174.91610009612
28477.13835264305
32655.67737674128
22962.88620989755
58032.71716716463
22284.302235153555
41383.96926666627
49871.991742437334
28410.922453849234
39386.44619059728
19429.116519405077
55093.77484114075
10840.526517374261
58742.429500040955
16688.973070169093
22472.95370706748
14522.064265880454
45169.35823425459
3682.4887127869783
16687.380431314305
14517.36203853362
2866.22006300267
64905.455393417586
4251.665468609876
42876.71786897885
39127.976408678514
33411.18356275422
45277.12734454373
55085.964494169595
7784.816415204598
13843.62393153144
14319.648146204803
27220.05054485712
50369.81416802042
26036.82445219125
21559.630068910577
31906.535248602584
30943.710552353907
35714.296278882815
41731.65567448746
15088.749679659282
13275.505789761213
44602.48526071685
7650.361008727144
27373.545505617956
26911.634590328616
11405.598366742404
35348.349249050276
23345.82040114747
55306.40106441763
31721.023938006274
25188.902331260237
12213.236825943544
27100.930017271017
34012.487391021205
13764.261085151753
39116.10540359463
38706.98907636456
22125.97415379058
27869.143446362687
19573.369433152533
26166.275546090616
39251.13002786696
17265.594202968303
33001.828824114265
39637.122588959406
18245.014664653732
34917.660781561346
27793.99807716895
54104.64139430344
37862.727129715975
7470.610329161517
12430.641212854725
23045.89953316791
20554.21850018847
52281.58399562773
47091.704895035495
32158.32075382533
39343.775297841006
13399.008071632874
30160.83894286458
21052.918037599746
12099.748781867054
21958.305469796414
8436.763358606011
60837.277960333646
25484.25104845768
36158.09814811565
63899.20615488534
62298.95979683289
18668.516538723743
39280.938391541255
23387.140949890792
44106.65941377753
15205.148014137678
39974.04072440932
35421.56730229514
55688.89126873402
74811.45871888027
25134.056206595556
65644.68048785948
24280.105680705994
22359.284935773816
11910.135915459885
24261.122815420476
30344.76585946216
34515.86751106809
46663.88312220852
22032.240907604675
43298.53321421661
32456.591188245457
25031.658271512235
71960.3482369939
11245.51332697523
28954.447260864166
45708.348220051186
26561.02969899066
1606.051456171252
8152.477974267561
3866.248894678519
5904.110634027811
26596.215295329304
25873.0802043643
27678.238391873794
16056.943010051833
38352.9486932441
46064.3079374335
47404.41057124486
35895.61700384986
65295.400245894896
12911.929199986214
45509.150543252756
15997.43974058922
1493.6652878300274
32789.41204844249
15154.970347762717
62289.75844904833
57150.20382914596
52778.774653024586
38957.484329926505
63254.83873488735
29406.03494877676
23183.744296169134
38944.10517193532
41627.50861153195
23084.88691461602
20797.987786617225
76641.98787097816
45304.28284386055
29827.870417970295
41105.94312439267
17379.940562663014
39520.1217418389
45698.17487069852
34936.983011017
39928.12240512569
48291.55748360043
20533.51480328878
25866.515544647133
58881.371079966906
38283.038133340495
46685.636077320065
30545.890271180546
14823.739955946023
36108.078643581255
40090.908165285
31374.428483868647
48896.80676873429
4380.041560396523
66498.10824641403
9733.849727966614
55133.444619161266
23634.15139198121
47661.322924597225
33278.98505919184
94511.71600931008
71411.8296872056
38813.20466475137
67313.73880835548
25830.94717976348
17416.16883365221
28115.36841713875
43229.58929545084
14180.662906110743
35563.144251893085
35270.008076679995
26962.799226710733
42346.32785134599
52368.804314397705
40346.0719008221
26564.36353779256
43522.80208405468
57137.87138748132
57981.50449696259
20828.354465335386
14267.989315040364
60986.295271515955
43752.804564817794
39163.83303279792
36612.11149265174
30770.448863421163
59708.718015832026
29716.442088424352
84134.5979502576
43223.25787305784
60148.0
43223.257873059316
84134.59795025946
29716.442088425898
59708.718015833314
30770.44886342187
36612.111492652424
39163.83303280045
43752.80456481918
60986.295271519535
14267.98931504066
20828.354465335873
57981.5044969646
57137.871387485204
43522.80208405587
26564.363537793488
40346.071900822244
52368.80431440065
42346.32785134729
26962.79922671082
35270.00807668069
35563.14425189335
14180.662906109903
43229.589295452075
28115.36841713883
17416.168833651398
25830.94717976384
67313.73880835797
38813.204664752426
71411.82968720797
94511.71600931583
33278.98505919416
47661.322924597334
23634.1513919819
55133.444619163594
9733.849727967336
66498.10824641552
4380.041560398158
48896.80676873556
31374.428483870226
40090.908165284316
36108.07864358111
14823.739955947904
30545.890271182252
46685.63607732195
38283.038133341404
58881.371079970006
25866.51554464612
20533.51480329034
48291.55748360066
39928.122405127004
34936.98301101876
45698.174870701274
39520.12174183759
17379.940562665528
41105.94312439493
29827.870417970316
45304.28284386211
76641.98787098283
20797.98778661927
23084.886914616534
41627.5086115342
38944.10517193758
23183.744296169592
29406.034948779423
63254.838734890116
38957.48432992826
52778.77465302766
57150.20382914711
62289.758449049434
15154.970347761891
32789.412048444035
1493.6652878294012
15997.439740589449
45509.1505432544
12911.92919998569
65295.4002458977
35895.61700385074
47404.41057124587
46064.30793743465
38352.94869324515
16056.943010053124
27678.23839187309
25873.080204365044
26596.215295331152
5904.110634027053
3866.2488946779886
8152.477974268616
1606.051456171477
26561.02969899179
45708.348220051994
28954.44726086544
11245.5133269761
71960.34823699696
25031.65827151324
32456.591188245533
43298.533214217125
22032.240907605472
46663.88312221025
34515.86751106926
30344.76585946143
24261.122815419534
11910.135915460542
22359.284935775722
24280.105680707697
65644.68048786111
25134.056206597288
74811.45871888264
55688.89126873531
35421.567302295785
39974.04072440988
15205.148014137707
44106.65941377987
23387.140949891455
39280.93839154201
18668.516538724747
62298.95979683357
63899.20615488698
36158.09814811524
25484.25104845977
60837.277960334875
8436.763358606106
21958.305469796236
12099.74878186771
21052.91803760106
30160.83894286647
13399.008071634129
39343.77529784274
32158.320753825836
47091.704895035
52281.58399562907
20554.21850018821
23045.89953316958
12430.641212854049
7470.610329160847
37862.72712971711
54104.64139430494
27793.99807716962
34917.66078156212
18245.014664653558
39637.12258896032
33001.82882411512
17265.594202967848
39251.130027867766
26166.275546092533
19573.369433152766
27869.14344636365
22125.974153791612
38706.989076365906
39116.105403597045
13764.261085153079
34012.48739102245
27100.930017270228
12213.23682594376
25188.902331260662
31721.023938008173
55306.40106442042
23345.82040114874
35348.34924904848
11405.598366742564
26911.634590327987
27373.545505619975
7650.361008727198
44602.48526071872
13275.505789761655
15088.749679660823
41731.65567448877
35714.296278884096
30943.710552354205
31906.535248603417
21559.630068909886
26036.824452192635
50369.814168022865
27220.050544856364
14319.648146204227
13843.623931530321
7784.8164152040745
55085.964494170476
45277.127344542685
33411.18356275451
39127.9764086787
42876.71786897967
4251.66546860974
64905.455393419456
2866.220063003415
14517.362038534808
16687.380431313966
3682.488712787604
45169.358234257
14522.064265880226
22472.95370706769
16688.973070168428
58742.42950004179
10840.52651737392
55093.77484114042
19429.116519405878
39386.44619059818
28410.922453850613
49871.991742439175
41383.96926666704
22284.302235154308
58032.7171671652
22962.88620989803
32655.677376742286
28477.138352642185
51174.916100096874
42155.78749072155
13114.506885692675
48457.40233557367
16288.756344995687
13122.060342041801
3412.469179027616
18024.26863041264
34777.78949635752
76729.52719982255
29513.51628740847
34732.23967160409
19594.502086604483
29039.119570510786
39564.19496167743
92759.84198924378
34084.57784771361
12067.64095983608
25889.152245166966
30055.66211504446
57546.18298231288
20068.292203651494
10473.379955729477
57476.10967737874
46328.05324045647
45023.27336604405
18851.154667422128
23474.21357359001
30069.718182421737
16346.496499354576
32851.86722660845
58484.94177109826
13330.570484609892
39912.225011220646
31831.464699709042
42584.403162043825
27399.184710522404
37166.70694216551
51450.18579919395
46480.62170696881
20552.753142381534
67346.62150520568
22177.514055259562
44048.94169995594
37496.24927194952
54013.50795279115
6139.446453908443
77170.48245719225
30768.640164361856
6789.255561499709
45241.133768169675
33809.35392255019
37222.17392857528
21088.958540882748
12841.749169605964
70822.83965892307
7664.3844283306535
25600.936927246137
14322.098906076732
24352.130985344178
25865.893431450295
60295.428516119566
29185.30431216389
48011.54235732375
24346.769344359735
15560.041911394455
12544.969155085251
31168.925979467742
13471.898171579021
19055.068413040026
41542.210052484945
21820.87788008687
23561.38518634569
34988.476711308314
30493.167825893786
37616.27257605793
14078.312450747346
25317.21421526188
23624.085705194546
29899.058041443284
67876.1329174372
49227.167907583535
33005.0390607456
16069.945485282644
60107.60275301642
38111.19086142569
25499.093801788444
18701.891174614313
15208.483121153089
28482.186834665743
33330.351476678145
13181.826840034997
23734.95717504336
92649.48976475727
46170.677795235395
32247.9132090639
32902.99385407016
21777.955937408547
24748.152225303493
13913.141521865278
31119.921815123107
32802.55572307778
37244.35088298276
23645.071189024256
46642.19035151509
46022.22587065833
36480.78141718415
55587.54191428207
52412.746903470645
31374.965408302003
54884.451307567455
42338.87783359796
18930.27480469335
75635.60416197249
27279.865501139946
18216.745935386585
28206.899804506975
13541.93819903569
45039.77884589877
46574.94675473486
35758.77481549203
67191.12772823073
7057.07604209012
25958.218167327643
19269.46985539397
29645.62399847966
24180.685413338655
46332.119141998
38997.759298378434
26737.95244175062
23980.765018782677
44087.516530391906
36790.985655711615
16865.546813908833
43320.112788942584
44125.29682199706
56260.820588183364
20489.9388774178
21631.83355035822
55679.35111787667
50837.595084119595
26705.933330863507
41645.80958431498
64541.2684755786
64423.94942053271
31113.760935425587
55842.96579168853
37279.58582518577
11289.4540655009
10386.947038963757
12017.759484256132
27632.783586275273
60965.64068956381
28051.95461821705
12204.743118716628
15420.995598254485
27311.012456919245
35921.54578452365
25226.482776916415
54984.55056245505
33446.577839850106
49566.35079880328
26445.408560480697
50021.217713255544
33647.11276076371
36899.00019348928
40936.7294520748
37206.78656766653
33642.801166970174
44283.47750567524
21780.143063274456
36827.05261574467
42051.46101445333
29121.92587867711
46331.29278848121
36249.66871650139
64887.25177247265
39869.526148633384
7225.4031112522225
3003.142183147573
60108.95455380734
37045.88974139327
24040.075004971135
33291.98302210011
12418.779010282176
51154.70498401241
16276.349844598712
80193.98605853744
50572.43682093515
60807.509115099485
24638.900198378273
13831.46392432372
27322.177642286868
40903.83188256696
15465.484766635507
50825.13912956241
49878.570385520594
52455.34089600273
41285.723851289775
2003.4012336988037
45539.12309081408
36945.81717458205
75139.68207553816
22850.384808258113
65110.337118177406
33550.655818625026
54408.0006099042
37731.6581243874
24332.11899141001
26892.46245221806
11494.049066460575
50909.23182061378
46821.53105429543
28606.5819592541
31731.981453294826
32518.784281429238
68421.52424495846
32967.210198424866
16617.47429975206
41400.220306983625
27933.425903108706
36688.35740100067
40661.00705056744
22591.6080522755
36236.861223541644
35969.939543659246
2338.016623876507
37948.25151730139
10607.973800519723
23591.552093299564
64003.372564266065
39523.90352174092
39933.16061326456
29836.07415870419
60205.172062750615
20205.027169751054
22751.23810630441
37123.19126238371
15464.392829797729
47098.275787657316
39099.701214820205
21058.949920124844
35062.417204515936
19024.581876454762
19587.440545870108
58547.90549873824
52483.15430040326
47197.522601368764
6155.4529336274445
33226.09419069622
35915.76493457949
19427.659491974347
73795.88082030756
28839.81195038484
19543.245666580773
18538.006424179806
39714.389607776444
51744.30965423599
66579.67399021836
10464.089487880221
24870.161174538825
61603.45182600533
19920.908742647756
87765.88144406752
26549.567354819137
5313.550333750901
47626.47425784636
10391.97473535995
39445.352440107374
89196.37020644166
51318.312850828785
8024.953262649358
47534.07961740568
6705.924785161615
26237.11245544478
39536.188204982434
16836.47082075383
44923.17784428932
31043.30041616832
30871.442682559715
82023.19475140829
11692.518369465279
53874.53493530511
62041.98757668353
29027.346570541784
24645.974282368366
42110.51396607704
22517.209589984297
30879.584180481797
30827.33565962611
50403.75808256308
10657.302929521786
43230.63119404953
51627.36002878203
30425.49180276722
72479.98562166218
58174.40052135294
11805.993426970514
35990.595393969095
19362.806553276812
34310.06512166829
56113.772141428126
35460.42789225557
26601.51999840729
48716.73295785291
31719.66630497476
19042.7563945796
53819.63742337266
17562.128031133663
46162.90353341412
55909.05288230446
28362.501878257954
8415.812201079985
44147.281974350146
36865.06477084409
51301.74668758373
62643.59078737769
26181.57310666986
26655.039157715582
40022.12849607088
66656.99502263972
22038.311816059577
11104.940123032666
30932.616450207515
60573.108422150974
21229.674879482845
23567.694916249282
71920.97119608706
65739.65328957085
34746.54327413462
45287.552010177315
75238.02108013474
32157.36441523134
50317.39345327871
55344.368030695274
6612.509292614446
38216.76245750558
51605.970285393676
34327.8757313908
78643.43961553994
18412.11938952676
53039.65204017163
35897.62827539315
26271.911094643012
45563.22882114597
42252.94589096894
43950.46623334013
48227.27558516732
45925.80387031611
18580.514359769342
57436.05391961399
43853.15771690057
23875.10305752674
37078.0336977544
43773.422861883926
30360.654562744803
8119.918339042089
43345.83852377038
58441.91748276072
9733.218762255636
41437.69193117901
9029.212826809491
71793.59977915332
25299.196286883187
18533.698577692445
24202.63430228632
14107.501111641188
68790.6711727552
33358.94056949544
1694.1016859442914
3308.9355640474555
66612.34564789462
31188.46048478726
26236.405719075894
7332.482142464417
47822.506325119626
44357.24396223135
27110.85715795959
37333.26208389268
72096.63926940285
60173.18906200695
19479.49476906752
23439.462039877533
29598.471624514877
28488.565085438808
5544.550605305604
30628.514369646884
30602.22846198968
32371.399341440225
55184.752651782685
34312.51833297402
46674.772483135624
41437.96373197193
28246.252511126182
44362.29589228659
21656.16105374879
41821.68210741784
30516.757618489974
25800.30123779915
20460.923801934285
28360.917575452546
44912.76994900928
18313.634927100593
41545.74877153992
100034.19313818989
51771.860166919694
55182.326367561036
44935.84304107455
46892.198182232205
73515.00720573093
16313.741161252883
29071.40938000894
10344.905661442732
47926.10144621071
10581.476699734876
33738.008637330764
20288.1510948154
58230.067496731106
25071.22802033442
9134.928467496484
27795.752829113986
34908.76826036811
22938.31365682289
35825.9265848685
25574.81866226457
19564.273265849308
18040.712914828204
67456.04817183674
51369.935647776125
26106.508231625383
2901.7253875296387
28131.700542896677
23484.36533605816
39667.49516538667
74564.91911941482
4317.667379226186
19799.053164790577
61862.335580275074
12842.729438436363
49325.85882710222
42205.8061292631
51966.45814436811
48902.51804046249
83324.25501986944
2160.190414678326
8580.514714788449
54426.143950327525
33799.40259675673
24679.73517444784
48787.198727505536
28543.85182007817
22068.114482992114
34274.898574079736
41492.65278914549
21752.65847981376
58418.36676288841
35221.872021554766
30439.917349348667
26143.338303233002
35469.99080435601
15886.7482711299
31710.221152568818
30883.791455603983
14098.973556849574
54776.84377176268
21304.22832393044
33607.58565376842
52645.12789789216
40725.023764916084
87013.77239035885
74942.35947904855
67540.63165436419
35402.81188240952
19374.906252770896
5966.986348689086
42708.014722337415
5758.121311142641
26214.012112192395
52939.51881147048
32972.35407561613
18642.844681802435
63520.59163345996
39515.334966888004
16758.786511172304
8833.542927604962
56490.63056402971
14896.614653192684
31560.611635820387
45584.06662316667
16477.817119942487
58986.786300007974
34613.338200751605
16968.142935807824
26288.26622205976
37661.74164717643
69375.39289113891
48804.94233107095
52587.24410443823
23799.195005322752
24043.774919694228
35689.43324771745
28286.544756574487
17212.589269688862
12879.613529267654
59880.39185824539
62444.78327506283
29093.245443269803
19965.13714215674
63320.25473125627
46243.47270553324
33638.567791548936
12330.32107354707
17370.03690516575
42276.63410189408
41433.20051411939
35388.59944725073
32469.79861779701
37771.31996736442
43982.879239114816
3241.244883936954
74402.81595632367
67733.91730769676
29817.041710054804
26500.823772633277
8445.024272193403
42337.14884230938
46131.47840695127
14700.515378427628
25334.54716490188
41057.287613384964
33060.265795668514
59665.85264062368
19059.244400549545
23178.766879487786
29081.93615610957
30513.674164831933
25979.902909275326
20432.440094326215
51113.98405211315
29336.8117987709
32847.194810603076
9369.204831444647
9448.34756801642
19188.064172577804
30812.84560170099
41888.61873804517
32593.823760691343
47605.17583448754
28299.671639863715
25729.88347621438
38383.76630998027
43242.972067193565
24678.87223831989
34100.17377797081
18157.205882431394
54718.741380200496
35938.79019744411
11574.374701672903
55745.57778821106
42571.97498480338
39546.63238973004
123335.06921064832
50436.06511123287
61162.549207642835
55903.53350414279
43144.2455385907
34405.79026693319
29210.139841453765
37343.51348441174
32723.827224016284
7983.692495317818
31590.032428504088
35696.1507812165
18533.962345098385
38915.80736688845
43472.13806584859
19973.10798729476
44678.472584206036
32949.02168645524
26564.464722915756
36970.489278147594
40126.9689051729
35973.6645590633
24186.402425309192
28048.586932876347
78849.84991503133
30025.155655574374
24660.46833490165
48088.56216535136
41460.158683928756
25465.307329836825
32377.78035483662
27654.665018037307
43083.47958072817
45899.8951011606
21791.278097610502
45639.90128571751
54771.830825026824
27848.688413203698
58862.57468687678
9802.782688293442
48165.90169554436
6844.549810507921
17748.7033089563
57498.891357497385
24743.105937141805
31363.656584710592
23245.64156927015
24150.517989669726
31466.36293470587
13387.238692193596
41392.93040508349
20734.02853223884
29425.696841580502
16597.570550323573
40578.965320728435
34612.359040219846
28984.06499907083
49524.827651129075
53863.202449437544
67316.90382132612
67542.87007957998
62611.5476136821
24671.37711006973
50401.635966860806
71649.43988428093
13152.576596517443
37454.40592706256
49080.875644243075
56966.737673141455
19655.972800948504
40717.258842228905
50694.49270529815
55146.58455117184
11787.958509000644
17081.56344119036
43057.9157400949
8150.605872902778
38017.07080634695
81759.9782540596
64321.93116587349
44597.88049876058
64502.480154561614
35296.68035570853
33384.376341762
52806.69180982276
31978.195394254064
21503.142381981677
54681.48572198751
18868.294357451447
68677.0708627817
34421.28019643268
46524.252171482636
21942.11204424565
60637.21045105091
35950.814213642116
22087.783975703172
46905.50410352353
61170.21587569079
41943.93007822906
9070.538547999184
17120.160315315003
17249.697647562898
24649.05965289891
37313.97128657301
16628.221106184497
1014.8443703260288
39264.803043994776
45889.22849629126
49196.6066252212
47804.85846021342
43515.504334223486
62194.45001735789
54518.410053051644
50490.714265557915
22344.658905934193
53769.0094356543
49977.43614006308
56804.990399640184
49753.434958201455
23371.23470522993
15498.470794916308
35116.22356104779
59505.607126990355
52136.54125564272
81161.62011466037
60696.63470486937
27408.10275767443
57199.24622606191
24548.129421441434
37518.117189290955
18433.81931861588
38963.190745010084
58576.374397160376
41162.87648498263
50436.69665737433
23652.71838175715
34328.17100671331
34109.13984139081
39882.136081221026
29034.631325412665
7422.719035236068
53303.952290282556
42127.42787288441
19256.004346708647
12517.952487023116
26055.925301608753
30597.49329705202
12331.257897333886
35526.87476259626
33046.72102195031
7342.437584747336
39903.461189097645
58571.097765067745
17171.691357159085
45097.177493236384
26032.53899053862
28929.07966507441
70731.18694391081
3683.794982391323
53368.82023242455
45817.9380610964
21111.217188871153
36392.53261644327
29142.68665459274
65703.1775001751
39564.13752670585
53257.29681934306
45523.66476459841
35326.354853290475
94952.3236467512
58135.331397478796
35175.68646245561
49392.99898969089
79678.56327629455
35640.73463289474
22319.9378141402
15541.00940591208
7759.906060224979
46412.19742643427
67706.3330406317
67969.36109623928
29856.15149443717
40952.95597815624
56671.27681750442
15839.1675515571
30278.753722920195
19922.17912805623
9740.497140847352
37847.44515109286
63072.02234037264
34328.19883602226
38583.03663370208
24789.79470015227
52165.34260321635
23365.637596124896
65623.75377641364
43862.992440792375
63407.68798633072
28266.11888685878
39763.17086594869
30911.20075765971
7902.889317636404
31016.6756876788
48323.64803197552
26708.439828983333
19867.14502075017
15756.410820315885
27959.354971166867
25797.47412464005
26945.719240498747
37639.5931960032
42901.581767921816
68765.49067002285
64568.65138302616
4517.725141648808
8535.126007508044
58360.09473898736
16594.323028408722
20431.722702257342
3694.150924802122
7573.323710261432
48653.38686531044
28958.37993941762
13197.716648405345
20029.71406956177
66648.58859465302
42474.806566621985
36924.37322476226
53634.19746741376
69585.82409308036
41647.14569080913
34889.95561792211
14728.411122763691
29870.634193041547
16937.697146432627
43858.6712342918
62070.0713217681
46343.04889080314
14196.73321513756
10094.84602977448
32841.563362913075
35279.73088377474
22602.369815417485
22841.122520056633
36607.077726582684
46822.27523210997
39131.518950402475
34551.325930711755
29769.6034561767
32602.536298719384
11335.301363268869
8440.622915609923
22446.54295251346
38996.55553024495
47519.51471108329
30429.871754790696
37169.30019215174
35649.11527847621
68247.412624947
20930.326538390324
36770.9541453509
33722.795112558255
50026.031053207196
29522.343576240706
26216.058278493696
35210.31122124055
42302.77822091281
3748.6057433926544
61314.09485711369
8453.872348273053
30171.518979029384
15765.411169589759
43407.641187881556
10056.443784489375
53782.54456573807
30669.046808663512
38135.04539713917
49505.782142597294
77398.74031682084
8522.025298362167
46822.92520598916
23171.886101923275
16733.81831798216
36959.797224542264
26532.058719942557
66698.35702386888
50679.28166834755
20550.26111450712
46130.836261596385
29306.745356090865
48634.96695932129
32452.777600017474
42728.79048686667
21737.62521223918
6843.22664327126
25179.288675937438
14822.939176491862
30316.740157389588
41635.51508592537
29175.788578588967
29299.12084651147
37694.225904689214
50272.33290059999
28679.31318981998
17451.26441923206
25341.96723943552
26577.652374652538
15174.856441850547
23011.405694318266
46152.0982779088
55615.28246209075
22531.168709077156
39283.96622589684
49800.46366128405
42170.00149509964
84592.79989752574
20292.441304988013
30370.341440005195
35298.56850316842
42007.00209993717
56030.26886131242
65461.45101472939
24255.807653465752
47110.196922948155
58391.95226143384
57969.65631739295
33188.137596325374
61615.25763166916
56719.80303396114
61025.97414076062
38495.06688738802
65077.21842831808
29247.086462617397
36970.29267889437
20303.90568296529
30632.529283038497
33574.61355430247
26925.63102816731
33183.65276191259
31363.672060397992
48855.9873979789
46900.4831956432
28745.021882870133
29039.254621489108
33009.84891070437
56964.23595132822
21098.410975200346
43468.21421606181
92505.81581047208
2527.918590361985
37761.39115171407
46235.522950329105
34576.36788040531
47984.70589135939
54852.91456478428
31446.437080327145
32355.53779345063
16602.1590935963
20952.738077472506
47904.0075374947
37262.35031154322
44534.8698786375
21828.295256108846
16629.58303314994
34172.86979013963
18623.450689314275
26479.22748711787
32375.053675864543
26834.80883941989
28610.845667210582
62062.25845529017
35779.7867453399
9712.591416509755
39701.40550447451
25165.26673273387
46146.11054588894
53624.52424738756
44375.213557596886
20791.854757338253
33358.29250210251
17018.79765151769
67855.56022362653
30346.836743012005
38160.96805098245
29122.431009083408
16276.607634754802
71146.31190219152
42918.27491287211
20785.542901538058
53683.85936855686
79441.30749618549
61638.23965847542
33456.68328927202
63777.88184741935
28485.326699803532
45262.08768613282
54858.08237817079
22540.125385371248
19705.925775692514
62953.50835679662
86097.90535061178
40161.36866262567
27105.78025423002
50427.976571192965
33288.21412760238
18665.620476154356
25584.290225422377
31416.457856652934
20235.67611780255
15798.511525945843
18892.387314399934
42284.79389091383
60415.76697392617
36059.50907410068
7122.534910348798
66464.48763577166
47510.0083522504
14615.820572640896
8256.73866189729
17622.809320579145
66614.77056053151
6705.773219615962
22913.874201211718
55849.174030155635
41892.61756514812
41710.39194985803
35776.13532596338
23490.654798917745
32712.649531220755
21789.769488196092
27587.7865074617
47216.779513355694
29408.079576070326
23512.423791404504
69001.98722848475
50576.25495175096
38216.75471098509
35506.95895571229
72304.317900469
17838.942769320303
59221.47953138703
17789.128171942328
37246.21599512965
45197.82128136973
12411.489634896721
72597.18307770118
46223.76733310561
47566.99294224998
26212.29951148298
27892.477272437456
46677.015524865674
26743.71347043719
57685.216870712284
21814.7905015254
66431.49157705308
58095.556013973095
37547.03727078434
38340.176000214604
31086.165452133268
28638.578993381587
27338.422720732466
26985.756270304322
41824.36560999185
5596.927974321888
44330.55888232777
15058.067649102135
34737.40713279005
49570.3690741268
26959.577873367834
50194.41132090554
17127.19941998163
37273.20417189768
78794.70715559126
67300.93093948331
60165.35940027057
18500.598548217913
10267.050210466488
20545.230965342715
20365.30900050858
34618.9208995407
18317.25140262373
25900.514464897842
69888.26769928646
4374.008467626427
28704.365768984
48418.89667964976
54729.79345905438
31658.343644519322
36847.40971700023
40792.6983805143
19710.105089607903
14382.035389958864
24613.964238919325
16314.654648389731
42916.640253499936
37491.311729832254
54357.75872801969
26084.835294487064
68809.42703273238
56026.30854673523
39842.84543354628
52541.14120625974
51986.58075150534
36853.82326936008
35572.76247604897
31794.711920631067
30717.768026053458
10641.874128310905
100561.68234025214
62036.03883207735
11234.852052925811
31601.896730936234
37893.35872322184
41620.373651280825
22411.827380062397
28430.688833445845
21759.288650922394
70348.62342208526
47384.58106795732
19972.19857563071
62399.02989779724
76472.21228579899
19507.216616083806
44154.5228727874
30213.02323092397
23961.01948727579
44057.659860856395
59447.17455520453
19486.049118099854
68640.49721534483
11482.435263015854
56901.411877994105
9622.330998035839
42461.47750165529
37846.82171317225
28282.011388071525
32551.11821796715
18281.50171130449
47730.7444325669
30191.049444770786
28845.671646917282
29788.55793827969
49440.64740574655
55010.13930860165
37444.60032645789
21914.799550930402
8958.13847200671
48428.35608531707
80392.73848830807
36653.80085371503
22899.69200432951
31346.237603533616
95445.12997831668
51394.731620970706
30146.002725047187
46569.306791096315
59589.7611609265
63421.4912565598
41186.982928305944
21427.433949119717
61389.45961426317
104868.00562638954
53217.98697770113
12504.901759329337
88648.83871055131
35465.863725294286
37253.317324634554
88721.17249085766
46089.90796985951
34391.36885952963
29903.70556664755
47292.11630540493
46875.782001238884
40371.97737186403
29367.60514203293
39636.685864096304
54058.59942458475
33470.53065200914
37227.54041137838
32039.822447808427
23221.562691071842
31801.62011300784
5484.108648610556
79781.79209027126
6555.198219801417
26106.06066091028
81365.7198240691
13794.28434884572
28129.992199581582
40699.664109565594
11975.069127657789
41930.8066123181
40367.62263646254
53910.44787506985
42302.88437175072
30838.27179705853
1625.6278868824154
43529.33280183583
54450.07673762518
44937.234115601175
6779.459152226283
35063.5251448388
25469.264205806416
22468.626292665536
49126.291316095
34702.070707031016
39814.73946793657
51676.31298980377
27762.710816697338
36977.22866063426
19227.142993602254
35873.312523333945
61582.86793534379
12695.455434922109
45767.10352173606
37369.168884378254
28217.47087639086
23297.2542918165
12561.334500039207
68032.56400769622
30010.103041914168
18381.212531868438
37914.17819885866
25099.015232161375
54977.66457092947
51475.99462407311
57087.24917218342
24248.437691280018
64859.3588138032
89254.11752084251
9619.93551416928
28068.1536319044
17786.210052803453
43602.74337257798
60555.44297115217
48059.07450454084
51396.291478951585
14453.749143256326
46973.723862921535
95989.88604616215
24110.453316622803
42369.03259286161
57879.24129274587
28585.563150376096
3742.23646806868
24307.158650765487
5040.039938262456
8654.994043169556
19391.84857712821
81775.06854729958
58427.01674947292
32678.516199760317
27328.701133273342
37073.42310059175
45242.73637696298
34483.714549417695
49666.80275202455
40608.07147922641
49090.78782448199
11508.291909888807
18026.197223323485
53854.84243485169
24234.729348038705
4039.110432355626
15323.045113099472
31515.346423908442
63882.93563736021
46773.44182160424
30297.986527500205
23173.384723050644
32339.183121667444
39343.96607566374
28578.716132210553
54619.48515455134
50660.967709403565
50989.38333333735
17549.68047596396
26103.908794313105
38192.60760793072
31478.51115682624
42228.53367301649
79668.46066654912
78321.26495357834
26062.79780147723
50269.199189954794
38148.51769686929
28943.855628362384
35685.99815204082
30866.388801708363
51696.468355167475
13040.118232964114
52121.597733717936
50540.97966711693
48449.74371573252
31705.09609917017
36751.16484235521
11871.086612521161
34946.90259149837
16734.251728460167
6201.055764546128
22902.731700747467
40562.36532032174
13508.874804963474
23088.028399677656
44891.37653902133
51658.42571816559
33297.557850126075
18224.974694170516
5697.571626091949
58640.30879530889
11374.917567041628
18798.528919602573
41163.06674513143
9206.98048928939
6357.86490919538
37921.96420337041
72570.26723758366
38890.50022527869
33757.76504975761
15772.505666000816
42352.7095116157
38250.27148126744
10243.690509769154
19928.976473182713
40623.47764379258
45154.681986280986
39774.043334122005
38839.622358131026
33300.63516199666
51393.801359374935
25202.207947161194
37391.8873602391
54174.89343704489
44297.270179866806
13070.55490800115
12293.154601173956
25616.80540292918
38977.405326633474
34658.93846534287
76983.40800819604
23715.67308716802
18870.136333028655
40104.17849254018
14464.572478487624
26753.909781311675
55877.287117658416
6567.902472424375
75818.8353601561
51178.38114760964
16611.12979298345
23045.186998057834
30761.082940713495
47582.64378054838
23447.215610691306
30846.61675001603
25834.81647991644
84668.27778016643
64300.47240059087
22883.110700927224
62602.605660647365
29181.60172209388
30944.242341997597
13811.008357684374
51462.510817342525
19830.349660002914
21777.60204740268
33818.52451506534
82237.23320453687
12641.710341723721
17294.79576184641
7151.518413364121
41044.81695007039
62660.00050533175
38299.753790978495
54235.432146959174
42266.32097364871
53079.54240231795
41529.25734831204
31058.64297050113
42075.376756470025
35078.57742065703
29926.421472153685
74605.44301998563
40679.068405052225
82990.00732805707
46125.55623917547
26115.459856197114
28782.824076675726
61580.04092826855
76984.41964554167
35102.07752600157
24975.513782540198
42896.29973044596
59527.54721417469
6277.303447609321
37186.86346257384
31921.424826984403
35038.03603050598
24161.76705984445
31955.194930787045
45504.87532935092
44719.56530774757
19506.507081004176
17159.336302350646
28098.107244640556
14077.706339069999
57922.2317854729
24477.700564187697
12077.86330576098
14285.067556271031
17516.356832815247
19344.19672541147
49411.151843547756
29631.75710030364
36669.80991979379
24684.9462223485
37839.42582945614
31639.793141745286
38019.54599940746
45523.50763372234
10286.631367926359
39004.80105769902
58052.81162172701
24808.19407708346
15511.781679807906
32262.307963920433
48778.831989933606
47251.97819192127
15126.303038004073
47536.68765623276
4813.77737246783
11969.162185056757
42848.22017400639
27304.92667619752
40175.087890879324
46028.97223605765
55564.5009538092
46124.33460348725
40069.68026990798
22657.310908873886
22355.18233699668
15578.278445143214
3659.2731724978444
35194.836460106315
93027.76744823979
23102.844809561968
19049.988603300382
48011.337941660764
37943.07783243739
10570.708587834524
22658.967701445057
35651.68871208318
72322.4619956989
46873.82304709721
22421.792739820143
41197.91728999053
34774.25557573703
25816.45414468886
76857.35213836528
9473.459343111113
76725.20585019507
20166.78634444424
37090.35348019602
37018.09422834306
51359.270970246886
31373.126186619294
15413.043360918678
32889.15530923313
28312.80479239653
47633.64847130969
62447.40399215135
30516.645709307584
14228.799604122547
61519.08313696623
10711.742582134191
41435.41416894455
49296.56262729789
37572.05353149333
21450.91167879427
78818.92497733553
21809.99339837342
65743.87484542026
5791.2920069139545
13758.3725527982
9981.180968225663
30968.835555417612
36645.88017286231
53159.4820935624
36416.20366589655
68687.1805721372
63600.70580679056
46300.59501997876
22499.582434194755
28327.702030571647
5607.446501410008
17881.151129051064
66082.06653799693
42853.55934411193
39110.386241431384
24921.101625996565
62687.38601314473
31519.379960874667
33101.79648663794
8830.325604977172
33756.21584508483
90550.44428453107
18075.289799229406
41827.27406097358
46453.09092891165
46771.29607753404
33025.187540717234
18299.27914230898
6755.483820044579
19662.774374855057
23701.36647230247
8598.504656999585
4407.878711741921
14000.373737138427
38272.623959917
64483.40094673362
35825.19919215948
27311.733948356803
66474.96738017282
27775.323580327662
21920.00437380306
3361.9059329967
41888.882771680794
25371.434856883112
32340.512068594413
40102.033648126875
52943.24749025931
48338.26542907074
6694.63433669707
15249.419517333048
7406.7652995965245
15986.504579561879
17781.981607092916
32555.15682453812
25461.07540449214
43258.78560181907
26033.56861900357
38866.44284453806
71295.31659950204
39116.40059418157
29297.937732733768
84458.60108524968
57811.371979823874
31387.577239428803
37097.89503651067
6433.994982492747
54627.98216837374
4303.656858683885
41386.841050917625
20737.2051130615
38955.08091936962
40347.68658176276
54352.326675597826
37855.500607933114
53047.70308814441
61000.35738583391
60591.37800461402
19069.371436951405
28342.992123832293
26475.709256729948
48617.90990106558
32442.7019596845
29021.05024372421
31638.165655104196
34125.52281915264
32706.374643542604
50302.044797805145
38543.23366118168
26711.48464156724
11643.071821747972
56321.81436077389
10503.895470396936
14185.606005324651
19517.414803197433
31812.58983744423
20028.69620568362
5076.691975771343
6520.466090247229
66951.9443881683
27884.928217800363
49072.06248035086
37245.63244503406
48009.691208569784
29209.274209694242
42620.13490717857
57060.821870104635
14656.072234667201
33635.820975429546
37850.222295875996
28994.57207489123
10777.08181346321
29392.675852699882
4635.313177002426
13883.475086382135
45616.99496740018
15078.15473431103
12567.761072932592
43338.49172452321
29213.80355534343
48308.041219956925
62868.37459148322
104458.41550138597
28075.808331139622
35055.05741423419
22419.85942734782
2622.9884070438875
29285.72193055126
39456.20988793703
26833.417817046542
49077.47138179261
60101.445226402284
39243.517272270125
11941.442915328154
38765.917519195784
52184.358840604895
9918.521573492098
47116.61999495037
21427.031323146934
41568.81679500429
92868.0291494964
51629.32167228625
36574.96211331465
20258.261999702012
60101.45404631281
62105.91090224192
37692.06537398954
27988.216156856346
50681.25820153796
31996.534823393387
21676.240346173603
17149.4238538864
41824.81530576957
64117.97877154419
59936.02483413177
33571.38948532043
30455.128420821373
24075.235354006156
27144.76595817129
29844.619305162076
47280.07188633308
44486.39266994416
31337.932841463564
49689.50639871146
62173.14452137227
33174.5597211883
52275.33290904591
33754.15880210131
49688.51293494733
21377.983705938535
27302.730533660873
37963.01376085542
31136.238165198665
17560.277218145755
86368.32193159523
18825.305878324092
11015.095981418843
73002.78769031401
29597.489967009937
63116.553014347905
60807.84751342827
43041.088056911925
14032.189086129636
56745.1221368172
24768.56640727117
79780.34835541133
36199.28963890205
60577.02793949803
20666.930317436676
20055.718892600766
16742.87882293691
12247.685987023635
25574.367536002275
39310.74664785773
39526.925111119395
80656.66088991593
22264.41857843384
22532.867710865634
39412.02185567974
21276.476947940202
17205.802476970213
50705.860284525195
31434.198745993217
1251.7972898956643
24350.085530447548
71603.0032780215
70779.91718367793
15053.028948150235
43756.55855575439
41872.71564146365
4269.663401141205
54334.56121123947
49327.28700799048
27882.751732687855
50067.82994477739
25653.667532058807
20766.79713060941
41732.14409757835
4311.495301816107
35353.85273901946
18428.861195446294
115621.49683543567
44412.8984630064
46267.3957649182
70016.2982744313
40900.71677436852
53350.828797770766
55920.13623013051
30241.238190329248
46739.54955718383
5362.602111294066
67720.71272342195
12229.91811963357
29816.402996363304
47645.91795630009
52140.21881310628
32691.21165098703
2934.777064618507
53102.50345435389
49990.739697154524
17238.181073692846
99306.87731848753
18054.467744925805
62610.54700367683
59219.60876957857
10930.08032105921
61272.73940465076
61853.02617501219
28226.52326600287
34202.825439366236
52910.59883722119
19892.74511473825
19507.19856733203
22530.428601706553
23292.86279824548
51443.74097216069
53779.404103961824
32234.17005940635
11126.346797449618
12159.486833939385
32965.04098021951
12502.051430429592
7183.572633719369
9078.99594956114
13283.318148228882
35221.80740269898
53390.53412362775
29103.704144790365
26966.443425076133
6237.620268563012
65782.15659918213
9525.576055579191
25415.885113924593
45690.02793645664
32908.82555905092
24584.167449083303
39756.77431025889
20701.957064429138
13096.298733782362
31744.974882063616
53804.80076687288
37749.01481217599
46165.774658763046
33888.36684096568
41240.503427394775
18407.758762761227
12057.087046426703
27186.94656111905
25843.521675424778
46437.050293669614
75553.08889629958
25029.98916828996
7951.5369741117665
71786.09103027511
20841.491373032015
44212.59031509489
37843.42400026293
20312.575895610807
38771.63430435436
45707.55658368698
11088.001875675525
56802.355289605155
18675.535899435246
33604.8306135727
37667.54652500233
17268.510609546232
36236.921985980065
34307.65091054621
34171.08979513913
61604.98147544716
48882.20507818147
8041.9339723563635
32713.355226248306
21039.572422532267
40961.328698327445
35967.823922684656
13343.906030073118
61875.56974747429
66035.67421650769
10366.154566191482
19947.157130399155
22370.22276571712
24384.20154012425
18206.38750777788
44407.70543183859
3573.770214895252
33510.070305786736
27392.78889160735
34206.2298564936
42141.94469834391
17081.640533066748
28450.393777288915
51644.13069944937
21568.130959104525
17223.11890433041
55760.47807425472
3105.982451044041
33531.71792750491
62851.52715419969
18370.955562996503
51200.2253481114
76913.51705113461
4758.059874878866
28249.664298346313
21999.47528439044
71809.39744699269
88690.01519894473
47769.25606307058
35392.29253931487
46269.67787654588
41741.263760723166
61262.924937310236
62887.60157081807
44859.02295979652
11625.292883242395
28479.00536493656
30877.72196063945
80403.41688358596
41416.22885853094
62284.3985000246
20386.608278491276
13484.949486053874
62308.50195179224
41348.06515589542
8809.745079259454
15811.994938845857
20742.520246924807
80033.15149170307
28731.09983962875
60057.062864571286
6260.091028363133
13585.3828023073
38720.7468374213
14763.035574914407
34486.593060538646
45345.11408521481
49011.06779851534
49985.86180748377
37636.91716162364
20112.50928681729
7241.392365208018
28829.028962901753
69819.9850052597
40126.488136933905
46311.54997596436
53589.86550163123
40792.80694056349
13721.565132300599
40996.015465216995
14664.701301022062
40215.9142030599
16045.971866889136
40551.957762575614
17594.101885158812
17346.854620065766
44130.771440560886
4832.142035852951
48616.00296185164
17364.839371264534